10000 4096
1 7828
2 8054 4405
0
0
0
0
0
0
1 7679
2 5992 2183
0
1 3666
2 9038 4039
2 8270 8667
2 6109 6209
2 1698 1331
0
2 6086 1613
1 9040
0
1 985
1 6856
0
0
2 6838 1451
0
1 9662
0
0
0
2 6606 9070
2 5611 6859
0
2 9006 552
2 8948 2221
1 7004
0
2 6603 307
2 2579 1020
1 3435
1 2994
0
0
1 4364
0
2 9834 4085
1 8943
2 6169 1849
1 4371
1 1977
2 1732 8110
2 2573 1276
0
0
0
0
0
0
2 4072 2645
2 4641 6325
1 4309
0
1 8297
2 1491 1935
0
0
0
1 3968
0
1 347
0
1 4713
1 130
0
1 7995
2 9254 5748
0
2 1467 6284
2 7009 8173
1 4504
0
2 2869 4574
1 6463
2 9253 624
2 6413 2140
2 8087 299
1 9546
2 5677 6305
2 1471 2764
1 1510
0
1 2854
1 7867
2 1713 6816
2 1739 8703
1 6535
1 1391
1 9583
0
1 8328
0
1 4875
1 8959
0
1 8995
2 3485 4229
2 6874 386
0
0
1 4473
2 5919 7495
1 7785
2 9832 3911
1 4118
1 5982
1 8159
1 4172
0
0
1 9320
2 4360 7138
2 6809 8458
2 5860 1557
0
0
0
1 4901
0
0
2 1261 3524
1 3515
0
0
2 8705 8674
1 812
1 8065
1 3947
1 3071
0
0
0
0
0
1 6036
2 8925 8192
0
0
2 8026 5158
1 6068
2 4604 3978
0
2 9514 5750
0
2 6921 7619
1 4049
0
0
1 1182
2 4543 2527
0
0
0
2 6457 7312
1 8673
1 9304
1 499
2 7657 526
1 8862
1 647
0
2 4733 998
1 9576
1 48
1 1023
2 7749 743
2 4985 8340
1 2246
1 4779
0
1 3336
1 6062
1 5155
2 5664 4613
2 7814 406
2 7113 7252
1 3972
1 7687
1 7118
1 4330
1 2401
0
2 9488 7664
2 8786 1000
0
1 4650
1 4401
2 7631 6937
1 5555
0
2 5577 1518
1 8958
0
2 5888 3611
2 4265 803
2 8082 1275
0
2 4186 5265
0
0
0
2 8495 7647
2 9232 9407
0
0
2 5472 648
1 8822
0
1 6238
2 6321 4305
2 8978 2402
0
2 7189 485
1 9296
1 2949
2 1688 8675
1 3330
1 8767
1 2360
2 6145 1558
1 7790
2 9072 1865
2 1968 8560
2 7501 92
0
0
0
0
2 2228 5333
2 9599 2233
0
0
0
0
0
2 1215 7485
1 5719
0
0
2 715 3085
1 1217
2 8874 3994
1 4125
0
0
2 4116 4090
2 8018 5780
2 5778 2512
0
2 9495 2504
1 1031
2 362 3964
2 357 7298
1 3430
1 8291
0
0
2 4388 6665
0
2 6035 7047
1 5119
2 5699 5160
0
0
0
2 7132 3358
2 6945 9806
1 1882
2 9365 8656
1 9899
0
0
2 7628 4587
0
1 7883
0
2 7058 2767
1 80
1 576
1 4539
2 9301 6407
0
1 1283
0
2 1469 3285
1 8828
0
2 2406 1668
0
1 6160
1 1629
2 5493 8833
1 9826
0
0
0
0
1 6983
1 3251
1 2318
1 5214
0
2 3716 6166
1 7645
0
2 7521 2875
2 8947 8626
0
2 8794 524
2 2753 7051
1 7440
1 2338
1 8684
2 2446 4979
0
1 8343
1 419
0
0
1 5324
2 8663 8746
2 746 659
1 8068
2 2071 4538
0
0
2 8371 4794
0
2 3229 1709
2 7202 2264
1 3945
2 5081 2496
2 3771 6608
2 8586 3280
1 4080
0
0
0
2 9372 5237
2 3421 1168
1 7401
1 3589
1 233
0
0
0
0
2 6251 2238
1 3980
1 5517
1 6200
1 6849
1 6872
0
0
1 6387
0
2 8097 9268
1 3182
2 3311 1884
0
0
0
1 3652
2 4750 5712
2 3328 13
1 2616
1 8868
1 4870
2 858 3709
0
1 9810
1 5026
2 8607 2709
0
0
0
1 2847
1 4420
1 2116
1 4730
0
0
1 1018
1 4183
1 3047
0
2 6458 2160
0
1 3699
2 7497 9573
2 4087 469
1 8261
1 6039
1 796
1 3032
1 6869
2 1776 3499
1 8669
2 5765 9439
0
2 6741 6925
1 9352
0
0
2 1632 6563
1 4812
1 1466
2 1106 1235
2 1249 6824
1 4762
0
1 2735
0
0
2 2096 6274
2 3960 392
0
0
2 8518 7957
0
0
1 9221
1 9981
1 7380
0
0
0
2 2798 4097
1 5763
1 9798
1 9142
2 824 161
0
2 6045 8621
0
2 8409 2320
1 2809
0
1 4908
0
0
0
2 5789 5363
2 8992 5911
0
0
1 5877
0
0
1 1493
0
0
2 531 5559
1 4661
2 9067 6304
1 5597
2 1746 4245
0
1 1804
1 620
2 2812 4660
0
0
0
1 1318
2 2860 1265
0
1 8059
1 8354
2 8041 3696
2 4487 3377
1 5407
2 8473 9938
2 7484 5415
2 7538 2452
2 1513 2545
0
0
0
1 4883
1 6586
0
2 7139 7286
1 4968
1 5023
0
0
0
1 9967
1 4
1 7432
1 6897
2 7774 5995
0
0
2 3847 6883
1 3158
1 1748
2 6255 3425
2 2085 4648
1 4402
2 844 9533
2 6531 2938
2 8601 6877
2 20 2469
0
0
1 2733
1 3170
0
1 3794
1 8460
0
2 134 1124
0
1 6368
0
0
2 4719 7553
1 8904
1 2080
0
0
0
1 1747
1 9526
1 7727
1 7388
0
2 8721 4785
0
2 3614 2638
2 3416 9627
1 1914
0
2 390 4211
0
1 1001
2 7411 7678
2 6689 2900
1 3789
2 3578 4461
0
2 8123 644
0
1 9022
1 3210
2 2372 1922
0
0
2 1482 3370
2 1063 1561
1 4434
0
2 9270 4691
2 1901 2789
1 5162
2 9333 641
1 8554
2 1737 6240
2 5938 6770
2 295 7765
2 5792 1848
0
1 9031
1 5002
0
0
1 5331
1 6942
0
1 7311
1 5267
2 2256 7624
2 601 599
0
2 1219 3648
2 2868 4217
2 5773 9467
1 9934
2 8763 5707
2 9141 5398
0
2 188 9965
1 2489
0
1 4803
2 4671 3885
1 8921
1 1500
2 617 2821
0
1 6697
1 7808
0
1 3861
2 4987 7589
0
1 1520
1 3569
0
1 6718
2 9175 5581
1 7234
1 5166
0
0
2 1603 852
0
1 7194
1 731
2 3273 7724
1 889
0
0
0
1 4184
0
2 2075 5298
2 4948 5736
1 170
1 5536
0
2 7324 530
0
2 4560 9649
0
1 3833
0
0
0
0
1 7067
2 7026 8528
0
1 1406
2 1004 7068
0
0
0
1 2775
1 3598
1 9395
0
2 4885 51
0
0
0
1 1144
0
2 1659 1856
2 6131 4558
2 1082 7264
2 4426 496
1 8095
1 9703
2 2118 6431
0
1 9297
2 8710 2223
0
1 8425
0
1 1485
2 3367 837
1 326
1 3849
0
2 1421 5375
0
2 8320 2091
0
1 1705
1 540
2 9126 2287
2 7272 581
2 2021 3770
1 4093
0
0
1 3862
2 6177 6009
2 537 3096
2 6420 12
2 2719 4437
0
2 9366 1142
2 7420 7023
1 9588
1 136
2 974 2028
2 5838 1791
1 6700
1 4933
0
1 9608
0
1 5210
1 7079
2 5678 5557
1 1191
0
0
2 2963 9013
2 1975 4768
2 1394 4791
1 4999
1 8583
0
0
0
0
1 4644
2 1692 152
0
0
0
1 9435
0
1 4176
0
0
1 312
1 8490
2 457 8809
2 931 9950
0
1 3804
0
0
1 8734
0
1 2314
1 2520
2 2004 3655
1 1841
0
1 7803
2 9106 9425
1 5984
1 9862
0
2 4194 8996
1 4526
0
2 8835 8633
0
0
1 1231
2 6652 9519
1 2467
0
0
2 1910 1103
0
1 9151
0
1 5749
0
2 7881 4563
2 1656 5887
0
1 6017
0
1 374
2 6286 6554
2 2464 4268
0
2 3226 7220
1 2487
0
1 4789
2 4711 5393
2 8864 60
1 9520
1 4609
2 6383 4904
0
1 4198
0
2 9606 8169
2 6099 839
1 669
0
2 9017 1384
0
0
1 643
1 9299
1 6527
0
1 7223
2 5518 1056
0
2 9236 7136
2 888 7671
1 3576
0
0
1 7474
2 6180 566
1 932
1 7927
1 5628
2 719 6533
1 2380
1 6808
1 2250
2 3552 7601
1 663
0
2 1117 5651
1 2834
0
1 6385
2 8184 1626
2 9252 7477
0
2 9721 401
0
2 9853 3342
2 4872 2033
1 4015
2 4016 2046
0
2 2001 7961
0
1 927
1 9946
2 5441 163
1 8355
0
2 2873 7653
0
0
1 5351
0
2 8447 7773
0
0
1 3799
2 3776 2102
1 239
2 9059 9231
2 3076 7494
2 4455 9987
0
0
2 6670 5753
1 856
1 110
2 4227 7535
1 667
2 185 5656
2 4475 4959
2 1293 4981
2 5634 3664
0
0
0
0
2 6814 4964
2 5151 1829
1 757
2 8440 8027
2 5468 2041
0
1 194
0
1 6369
0
2 4966 1845
2 7175 8275
0
2 144 5376
1 6112
1 7887
1 2189
1 6661
0
0
0
2 7845 700
2 7920 294
0
1 703
1 3026
2 2175 1541
1 6774
0
2 8196 9108
2 1515 8800
2 8635 4634
0
2 2025 5089
0
1 9641
2 6616 4788
0
2 2950 7658
1 3061
2 7275 2942
1 2741
2 592 5932
2 1810 2068
0
1 9872
1 9480
2 2628 9645
0
0
2 8895 4289
0
2 8486 3494
0
0
2 5895 3362
2 2008 1862
2 1073 8310
1 5300
2 6202 6381
2 5967 3080
2 6490 83
1 7627
0
2 4243 870
2 288 5679
0
1 4864
0
1 8098
2 1025 7879
2 7968 1435
2 5709 6625
2 6047 2471
1 8463
1 3321
0
1 8243
2 3039 8849
2 8819 5014
1 9251
1 3905
2 1489 6476
0
1 5661
1 4798
0
1 9858
1 5702
1 5294
1 983
0
0
0
0
2 5708 7482
2 1646 5727
1 6401
2 542 4954
0
2 6049 1605
0
2 6690 5571
2 8379 4181
1 5099
0
2 8932 3339
1 1099
2 9246 6828
2 6509 2956
0
2 3200 754
1 558
0
2 4423 9290
2 3574 8628
1 3361
1 6081
2 4806 3219
1 1879
2 8831 6781
1 2563
2 2429 7183
1 4157
2 3222 5868
1 4359
2 6414 8313
1 9094
0
0
0
1 8718
2 9122 8771
1 766
2 8821 1021
0
0
0
0
0
2 4220 3649
2 5498 9643
0
0
1 4459
0
2 964 2088
2 7661 639
2 6444 2177
1 7308
2 4772 7948
0
0
0
0
2 5846 1785
2 6666 603
2 8397 6246
2 2784 3224
2 2217 9955
0
1 3139
0
1 5636
2 6091 1494
2 9901 3189
1 9654
0
0
0
0
2 440 3184
0
0
1 1162
2 2862 4400
2 9601 7884
0
1 2913
1 9052
2 948 7
2 8307 976
0
2 1859 9381
0
0
2 3926 3570
0
2 111 738
2 4890 6769
2 8238 6996
2 8229 5209
1 8050
2 8961 1624
1 403
1 9528
0
2 9784 7670
1 2825
2 3710 7094
2 2943 5395
0
1 4676
1 9287
1 5681
0
1 1549
2 5497 7756
0
0
1 2107
1 1830
1 2562
1 2352
0
0
1 8605
2 8133 5623
2 9521 5042
2 1344 7375
1 1314
2 3024 9394
0
0
1 8438
0
0
2 4369 7660
1 3107
2 6582 6499
2 4249 8236
2 6549 9009
2 1542 8914
2 4432 7403
0
2 4588 4429
0
1 4167
0
0
1 45
2 4448 5686
2 439 4500
1 3516
1 3131
2 6628 2972
2 9875 7505
1 236
1 3995
0
2 929 8109
0
1 1278
1 583
2 9213 1616
0
0
0
1 1299
2 5176 6479
2 1897 377
0
1 3720
0
2 3391 4053
0
1 3129
2 4949 6359
2 5067 53
1 6799
2 2186 2534
0
1 6468
2 4341 9556
0
2 9111 5691
2 5354 8693
1 9815
0
2 6589 735
2 5055 2588
2 9730 8399
1 2132
1 806
1 5136
1 9247
0
0
2 9391 5071
0
0
0
2 3155 6355
2 9121 6332
2 9718 4284
0
2 6833 6865
2 1066 2902
0
1 979
1 9084
1 4458
1 9982
1 4716
1 7622
2 3473 8464
1 2458
2 8785 73
0
1 8120
2 6077 1560
1 3895
0
0
0
2 8228 2449
0
1 7444
0
0
0
1 1836
0
0
2 1228 819
1 1926
1 9589
2 9032 4754
2 7498 8942
0
2 5390 11
1 436
2 8568 5045
2 4476 4328
1 8067
1 8640
2 5453 5542
1 6146
1 7750
1 4876
0
2 3440 9952
2 8900 8295
1 3937
1 4435
0
1 9968
2 2605 1892
0
1 9261
0
1 2663
2 7554 2355
0
0
2 6161 6753
2 5981 8271
0
2 8873 4089
0
1 464
1 1059
1 907
0
0
2 4903 7090
2 6023 4064
0
2 2634 1735
1 9598
0
0
0
1 6747
0
1 6044
2 9884 1029
0
0
0
1 2880
2 2244 9991
2 9896 2935
0
1 8265
0
1 9324
1 9423
1 7276
2 177 2321
1 5172
2 7838 9258
0
2 7983 2768
2 2423 4136
2 874 782
2 1109 7581
1 1527
2 3744 6901
2 3267 9082
0
1 6281
1 4922
0
1 6593
2 714 6412
0
1 6614
2 8245 7152
2 6542 7472
2 2212 1503
0
0
0
0
0
0
2 2557 7172
1 3694
1 8066
1 9996
1 112
2 4410 210
0
2 4365 186
0
1 8367
1 8342
1 3618
0
2 8976 7013
1 2082
0
0
0
2 6025 6341
2 1061 7124
0
1 2782
1 4215
1 6963
2 4695 6991
2 2260 1486
2 6301 5355
2 5554 1119
0
0
2 2049 3324
1 8671
2 4855 564
2 9743 6197
2 6191 453
1 2632
1 4189
0
1 4792
2 7612 8140
1 2806
1 3264
0
0
2 8286 4615
2 2176 9999
0
0
0
2 193 9475
1 885
0
2 7074 8803
2 247 7063
0
1 9044
0
1 6022
2 7701 2848
2 7638 7214
1 2744
0
1 10
1 8496
1 365
2 1623 6460
0
1 3800
1 2871
0
1 3496
2 6353 8507
0
2 3372 3366
0
0
0
2 7772 5380
2 6449 4061
1 3669
1 302
0
1 8770
1 3108
1 6064
2 1137 3563
2 489 4279
0
0
2 2792 6951
1 8
0
2 1885 3733
1 2284
0
1 4122
1 9130
1 8709
1 9561
2 5835 7836
1 1787
1 653
0
0
2 1332 1685
2 1736 2502
2 1906 4317
2 9283 9336
1 6276
1 6033
1 7240
2 2691 7327
0
0
1 8388
0
1 1022
0
2 2713 2051
0
2 7978 46
1 325
1 5671
1 3066
2 9685 3705
0
1 1695
2 8748 9185
1 9210
2 9912 6239
1 7321
2 1684 8646
2 4742 6900
2 6320 8365
1 8765
1 3930
0
1 8009
2 4379 6225
2 7530 1368
2 5598 4996
1 356
2 1534 4121
0
0
0
1 1207
0
0
2 5840 681
1 7291
2 1618 21
0
2 2347 6228
0
1 6577
0
2 2162 9054
2 3227 7372
1 5103
1 461
0
0
0
0
1 1053
0
1 7567
2 8613 9560
0
2 1816 3866
2 8350 1600
0
2 5841 1775
0
2 3407 8364
1 5921
0
1 7977
1 6247
0
1 849
2 7224 5443
1 9618
1 9635
0
1 498
0
0
0
0
0
0
2 755 8648
1 1174
2 1768 9055
1 854
1 2416
2 5853 9212
1 7399
0
0
0
0
0
2 4175 5068
0
0
2 2971 4262
0
0
1 9277
0
1 3975
0
2 3122 7077
2 5277 9412
0
2 3011 7318
0
2 9471 5318
2 5762 3698
2 9153 322
2 6944 8827
1 9149
2 2113 1852
1 3734
0
1 6234
2 124 248
2 2294 702
2 1514 8989
0
2 5019 448
2 7769 5134
1 3881
2 7915 8301
2 3398 1285
1 2898
1 6594
2 4477 3835
2 3304 3246
1 6687
2 4137 7537
0
1 5138
1 4489
0
0
1 9353
1 7205
1 9833
1 3279
2 4438 1998
2 1638 1587
1 7476
1 2375
0
2 9442 8842
2 9312 5011
1 3165
0
0
0
0
1 4348
1 4946
1 7199
1 6935
2 7256 7714
1 7203
0
1 4451
2 2878 8012
2 4571 7680
2 407 2291
1 8804
1 4222
0
0
0
2 7556 8636
2 9909 2466
1 437
1 8030
0
1 571
0
2 8451 2912
1 742
0
2 9653 4165
2 6208 3314
0
2 3927 341
0
2 9134 5545
2 3970 1978
0
2 9079 3836
2 420 1147
0
2 2546 4585
1 5978
1 5371
1 9940
2 3137 9083
2 7618 7182
0
1 5058
2 2892 2897
1 2326
0
1 9605
2 7819 5178
2 6564 1877
2 4956 1074
0
0
0
1 6780
1 3069
2 5808 7393
0
1 4544
1 3621
0
0
0
2 8637 140
1 5147
1 1749
2 4338 4074
2 9190 265
2 4298 3751
2 4201 7449
0
0
0
0
1 6927
1 2163
2 8623 4187
0
1 8642
2 3205 7486
0
1 5944
2 5560 3177
0
1 5260
2 3735 8266
0
2 5358 9383
2 4920 2747
1 4573
2 924 4694
2 5561 3536
1 4290
1 955
2 5454 2762
0
0
0
2 1880 950
2 8798 3474
1 2067
1 2179
1 3198
1 4824
0
0
2 8431 901
2 9910 315
1 8339
0
1 6342
2 9180 5396
0
0
1 1058
0
2 3373 1784
1 2658
1 3031
1 5907
2 2895 9035
2 8241 8911
1 6682
2 6561 2378
2 953 3185
2 8590 5633
2 6752 2683
1 1548
0
2 5271 2823
0
2 8455 8174
0
1 3891
1 1550
0
1 8000
1 2603
0
2 8117 3878
0
0
1 3747
0
2 2239 2379
1 5891
2 7595 1958
0
0
0
2 7944 119
1 3916
2 3363 1118
0
1 4182
2 175 3201
2 1660 7166
0
2 4852 2149
1 4040
1 9327
2 6821 2454
0
0
2 9105 4682
2 6187 6588
2 6386 6393
1 2315
2 4631 5194
0
0
0
2 7747 3371
0
1 2022
1 173
0
1 9607
2 1050 1422
1 3242
0
1 1654
0
0
0
1 5309
0
0
0
0
1 4107
2 4440 6130
1 7615
1 9624
2 1068 7335
2 9887 2288
0
1 8851
1 8216
2 8212 8779
0
1 5292
2 7504 6855
0
2 3845 1599
1 4431
1 6483
2 1042 9698
2 7450 1920
0
1 5139
2 3478 1393
1 4007
1 6013
0
2 4535 7779
2 2931 7188
0
1 6469
2 4021 5311
1 1631
2 5590 7864
1 6516
1 1714
2 2555 4065
1 7937
0
0
0
0
0
2 3807 4019
1 2843
0
1 9637
0
0
1 7548
1 1072
1 7466
0
0
0
0
1 6323
1 1572
1 4800
2 5969 3571
2 8847 6203
0
1 8145
0
0
2 8383 8358
0
0
0
2 4619 4078
0
0
2 7236 5032
1 6032
2 2743 5015
0
0
1 7250
1 9319
2 301 8657
0
2 4373 2618
1 4738
2 2955 6620
0
2 9226 4893
2 3624 7996
1 9897
1 7381
2 3460 5457
1 8759
0
2 5430 4898
0
0
1 2777
0
2 4565 1495
1 7787
2 5385 8652
2 6336 5603
1 245
0
1 626
0
0
1 3936
1 6669
1 8526
2 7243 8917
0
2 5529 164
0
0
2 8764 3742
2 3599 4578
2 6578 1934
2 5562 3052
2 9628 7592
1 7408
1 7984
1 4816
2 2893 6913
0
1 6727
1 4734
1 7778
2 6556 6328
2 253 3801
2 5669 1048
1 6018
2 9244 1260
0
2 553 2266
1 9873
0
0
2 4041 4795
0
1 6152
0
2 4972 1839
1 568
0
1 1809
0
0
0
1 1232
0
2 7438 3788
0
0
0
1 4460
0
2 5114 7809
2 4275 222
0
1 6643
2 9916 3518
1 9785
2 4591 8251
0
0
1 6065
1 5655
2 231 3269
2 9700 6981
0
2 6103 7580
0
2 5912 4988
1 8808
2 4934 1505
0
1 3645
0
1 2119
2 4193 8784
0
1 6253
2 3973 2708
1 9272
2 2295 7688
0
0
0
2 7332 6831
2 8130 9559
0
0
0
0
1 1383
2 9292 7710
0
0
0
2 8335 7926
1 5779
0
1 1028
2 4740 9363
1 7350
2 8199 482
1 6979
1 546
1 5657
2 6095 2310
0
1 1353
1 7668
0
1 7585
2 3604 3302
2 1669 9989
2 2829 4318
0
0
0
1 3993
1 5925
0
1 9123
2 7841 6675
1 2193
2 4777 5384
0
0
0
1 5604
0
1 3033
0
0
0
1 1591
1 338
2 7441 4311
1 2391
2 6423 9131
2 7641 9159
1 573
2 1372 5244
0
0
0
1 2503
1 7131
2 100 7340
1 8085
2 3653 9768
1 8023
2 95 292
2 8269 6733
1 2099
2 3564 9451
0
0
2 7306 7055
0
1 5666
0
0
1 864
0
2 737 9325
2 751 4057
0
2 2442 9173
2 7422 4900
2 4849 2054
2 8981 4315
0
0
1 5379
1 4199
2 260 2819
0
1 3442
2 3271 7503
2 2734 1396
1 3098
1 3072
1 430
1 3880
0
0
2 5268 2166
1 5492
2 2222 6319
0
2 4062 3854
1 182
0
1 5297
1 6650
0
1 5177
1 3565
0
0
2 414 5096
0
2 5625 7646
2 5774 1465
1 2421
0
2 1851 3347
0
1 1237
0
2 5053 3636
2 1418 5034
2 1579 2293
2 5832 7147
0
2 8715 4203
1 4937
2 6235 8325
1 2694
0
1 9867
0
0
2 4427 9729
2 3009 8013
2 8987 9118
2 7330 1176
2 3584 1992
2 7801 8369
0
2 6507 4851
0
0
0
1 2065
0
0
0
1 2522
0
1 156
1 5851
0
2 6143 3810
1 417
0
1 7789
2 8591 4060
1 8139
0
0
0
2 1180 9585
1 9347
0
0
0
1 3950
2 3761 2076
2 6567 6965
1 3692
2 4110 4124
2 8015 4767
2 5233 9472
0
2 7059 3230
0
1 7144
0
0
1 5239
2 3147 8318
0
2 2831 9157
2 9284 7917
2 5874 7900
2 7552 5295
2 4673 2609
1 6084
0
2 7024 1211
1 9100
1 8668
2 5578 2354
0
1 8543
2 306 5072
1 8003
2 1132 9898
1 9060
1 3944
2 550 8376
0
0
2 4454 8436
0
1 3959
0
0
0
0
2 3990 6382
1 2486
2 350 6977
0
1 2696
0
1 7834
1 9911
1 103
1 6350
1 4897
2 9610 9042
1 445
2 6056 142
1 9823
0
0
1 1288
1 5523
0
0
0
1 866
0
0
0
1 3178
0
1 7842
2 7863 8005
1 7943
2 7737 691
2 2617 5630
1 5391
2 6919 4943
1 1273
2 4219 8756
2 6471 66
1 2837
1 6195
0
0
2 9985 5213
0
2 7037 9077
0
1 1296
2 3976 4764
0
0
0
0
0
0
1 3517
1 271
1 3913
2 5240 467
1 4036
1 99
2 6292 6379
2 3322 3394
1 5460
2 9927 851
0
0
1 6480
0
1 243
0
2 9202 5337
1 9379
1 4515
2 5609 8999
2 1777 7099
0
2 8394 1643
0
1 3966
1 7523
0
1 7365
1 4629
2 1666 4253
2 6858 3481
0
2 5826 8421
1 5039
2 32 662
0
2 8380 2148
2 5905 8854
0
2 204 3875
1 5786
1 3427
0
0
0
1 1898
2 9450 2724
2 2865 4234
0
0
0
0
2 6142 3283
0
2 7200 4340
1 4610
0
1 8430
0
2 5856 2513
0
1 5035
1 9754
0
2 9021 5865
0
0
0
0
0
2 2933 8113
1 6692
0
0
0
1 3606
0
0
1 1320
1 6101
1 6399
0
2 6121 2727
1 426
2 9367 8538
0
2 2685 5278
1 1517
1 7156
0
1 1362
1 1444
0
1 2167
2 6503 4888
0
2 3115 1706
1 7826
1 5854
2 2611 6512
1 9081
0
0
2 7642 2835
1 5030
1 7707
2 143 3754
1 1609
2 9710 5923
1 4580
1 3234
2 562 2720
2 3410 29
2 1306 7368
1 8111
2 7960 9023
1 122
2 1798 1110
1 8076
2 9626 30
2 1199 2680
0
1 6601
0
0
0
2 7282 7856
1 5855
0
0
2 2279 2517
2 331 9380
2 5631 8792
0
2 4321 1094
1 3498
0
0
0
2 5135 3419
2 6470 3374
0
0
1 3118
1 1574
1 3779
1 4092
0
0
0
2 3580 7855
2 3912 1210
1 1700
2 5027 4356
0
0
2 722 6007
2 5684 291
2 1415 4514
1 2602
1 5645
2 7651 2440
2 5280 494
2 3431 4006
2 8524 3933
1 509
0
0
0
2 7116 6149
2 1281 310
2 5903 1869
0
2 7135 7273
2 6543 3511
2 4259 1589
1 7733
1 150
0
2 6950 3164
1 5121
1 8787
2 2923 441
1 455
1 6908
2 1893 6613
2 2141 8223
0
0
0
0
0
1 1112
1 9602
2 6653 8316
2 3514 6339
2 8033 7598
0
2 7500 7820
1 8091
0
1 6496
1 2312
2 2876 8928
1 115
0
0
0
2 9370 8520
1 4079
1 6794
1 7465
1 9764
1 6562
2 5400 3904
0
0
2 5983 5802
2 4352 4098
2 6450 7467
0
1 3783
1 5429
2 6441 3740
0
0
2 4707 1304
2 1699 8048
2 9215 3138
2 9634 1512
1 1361
0
2 2410 4651
0
0
0
1 318
1 6124
0
2 6724 1907
0
0
2 8043 7540
0
1 8540
2 970 6891
0
0
1 1984
0
0
2 7924 402
2 4846 4809
2 7028 5863
0
0
2 5225 8834
2 4464 6040
0
0
1 3671
2 2157 3539
1 8249
0
2 4178 2641
1 1800
0
0
0
2 33 2591
0
2 7425 4223
1 2705
2 6903 1247
0
2 4274 7643
1 3397
1 4112
1 2308
0
1 1173
0
0
2 250 7644
1 7517
1 475
0
1 6843
1 2463
0
0
2 3772 7093
2 3214 3824
2 8153 5270
2 5187 6892
2 159 5796
1 4600
2 5196 8288
1 6050
2 4991 8492
2 3378 4602
1 6622
2 3809 1317
2 2686 2833
2 8682 5001
2 3946 1473
1 7456
0
0
1 1976
1 9600
2 7070 9139
0
2 6226 5409
1 9233
2 2290 8559
2 2580 4970
1 9452
2 4758 8070
0
0
2 2331 6173
0
2 8578 7861
1 5505
0
1 6696
0
2 7168 4692
1 5425
0
1 7496
0
1 4837
2 3348 8581
1 1499
2 5547 297
1 3622
2 6511 672
1 7507
2 1358 6237
0
1 7072
0
1 8934
2 7241 8004
1 4378
1 896
1 3356
0
0
1 6513
1 940
2 7475 3204
1 9776
1 9474
1 1648
0
0
0
0
0
0
2 892 3850
1 4114
2 3597 3320
0
0
2 7151 5942
0
1 607
2 1213 7129
1 2889
1 2610
1 9983
0
2 2243 4310
1 3743
1 8213
2 4614 4486
1 9466
1 1002
2 6579 1312
1 4469
1 8517
1 8993
2 4599 4111
1 1067
0
1 6206
0
0
0
0
1 7792
1 7119
0
2 3803 363
2 1321 5261
0
2 8782 2672
1 5659
0
0
0
1 7299
2 4195 5111
1 9110
2 5917 5290
2 1617 6087
1 7237
1 3181
0
0
2 2515 9604
2 4510 9048
2 5293 1441
0
1 8650
0
2 4622 2114
1 6910
0
2 6894 3808
0
0
1 4699
2 1772 6761
2 7695 16
1 6185
1 9903
2 4655 3120
1 645
0
2 2598 5336
0
1 370
0
0
2 5232 4254
1 8129
1 9888
0
0
0
0
1 7462
2 1758 3265
2 8104 8209
1 8541
1 7469
1 2859
1 8567
0
0
1 213
1 4967
0
1 3183
0
2 206 7509
2 5348 5305
1 4206
2 841 3124
0
1 6104
0
0
0
2 3919 2772
2 6437 971
1 4297
1 9169
1 8108
0
1 8844
0
0
0
1 4272
1 3044
2 712 3534
0
2 1970 8897
0
0
1 6657
2 462 2451
0
1 7760
0
1 4147
0
1 5599
2 3840 1951
1 3471
2 3687 7635
0
1 9529
0
1 9422
2 2364 2395
2 9029 673
2 1691 4496
2 4168 2964
0
2 9137 3658
1 9854
1 7506
0
0
1 8309
0
1 8670
0
0
1 6026
0
2 7036 6807
1 9240
0
0
1 3646
0
1 6918
1 6012
1 4210
2 2412 5551
1 2989
2 261 8606
0
0
0
2 4549 3341
1 8208
0
0
2 9876 2985
2 8762 5283
2 5570 3860
1 5353
0
0
2 1212 9575
1 821
0
0
1 3730
1 3999
2 7433 4670
1 3868
1 6001
0
1 5195
2 8449 9687
0
0
1 9814
2 818 9615
0
1 1939
0
2 1818 240
1 2946
0
2 8165 4759
0
2 7452 2981
2 6973 1729
0
0
1 5673
2 7576 6317
0
0
1 3329
1 4474
1 5843
0
2 1889 5090
1 930
0
2 8913 447
1 1379
2 487 9341
2 147 9824
0
2 9281 1404
0
2 7793 8631
2 1197 7128
1 5168
1 9257
2 355 6244
0
2 752 2417
0
0
2 2559 3392
2 6416 9186
0
1 9242
1 8700
1 1081
2 6119 9790
1 1658
0
1 8415
0
0
1 7170
0
1 15
1 7862
0
0
0
0
2 218 2194
1 3223
0
0
0
1 503
1 1417
2 9093 5190
0
1 7640
0
0
1 289
1 5937
0
1 5970
1 5207
2 6976 557
2 1567 1896
2 2626 925
2 9289 3333
1 8832
2 3058 6681
1 2457
1 6969
0
1 4322
0
0
0
0
2 3538 6347
2 2757 1008
0
2 64 6541
0
2 804 2998
2 8941 3259
2 199 283
0
1 8233
1 6523
0
2 1024 7369
2 8264 2030
1 9663
0
2 3750 2332
1 905
2 2820 706
0
1 2413
0
2 6088 4557
2 2636 6602
2 3535 3943
0
0
0
2 3360 1046
0
1 7975
2 3151 5963
1 8372
0
0
0
0
0
0
1 7096
0
0
2 6134 4866
0
1 2494
2 3826 2841
2 1611 6911
1 3002
1 5715
2 9479 9748
0
0
2 7594 8081
1 5171
2 695 7219
1 9374
0
2 8979 4532
2 5242 138
0
2 665 6702
2 8783 3260
1 7133
0
1 3281
0
0
0
2 6258 5680
2 3112 234
0
1 9744
1 989
1 4555
2 9249 8078
0
1 894
0
1 5973
1 8349
0
1 910
2 682 9188
1 8045
2 750 8206
1 3166
0
0
1 6972
1 5427
0
2 2738 8679
0
0
1 205
1 521
0
0
1 2165
2 1120 7115
1 2679
0
2 281 5741
0
1 466
2 7713 1209
1 6078
1 7201
0
2 9885 7281
0
1 2367
1 3851
0
2 3452 7914
0
1 3082
1 3148
2 7159 4099
2 5999 1725
0
1 7870
2 8531 1456
1 481
2 843 2635
1 4624
0
1 4919
2 7571 1010
0
1 1230
1 4666
2 538 855
2 8428 8848
0
2 129 4705
1 7488
1 1697
1 9410
1 4593
1 1670
1 4164
1 994
1 7704
1 1181
2 650 3823
0
2 8083 351
0
0
2 8816 6610
2 2840 8666
0
2 6611 6138
2 2272 9961
2 2568 678
1 6400
0
1 3173
0
0
2 3929 949
2 6487 6982
2 303 5985
2 3985 1502
1 6218
2 4760 383
2 6644 8351
1 1721
1 9681
2 5933 1742
1 4351
0
0
2 6574 5638
1 3097
1 5858
2 6165 5747
1 3816
2 6455 1386
2 6390 8964
2 6975 6738
0
1 3630
0
2 5660 3797
1 9844
1 1873
1 8227
2 9193 8047
2 8175 2745
1 9793
1 9033
1 3215
1 269
0
1 4867
1 7675
1 2235
1 4825
1 4204
0
0
0
0
2 5591 2134
0
0
0
0
0
0
2 8812 3525
2 7160 747
1 5799
0
0
0
2 9581 7235
0
1 9809
1 3344
2 4067 2650
2 5442 765
0
1 7763
1 9925
0
2 3906 7262
2 2389 6922
1 1134
1 2468
1 725
2 6762 1556
2 7725 9338
2 7294 8945
2 7873 850
2 6372 5360
1 6008
1 935
2 3942 6570
1 3252
0
2 9198 6207
2 3313 5047
0
2 775 9305
1 6482
1 5373
0
1 4995
0
2 8946 5410
2 3765 7065
1 4596
2 4815 1089
1 4572
0
0
0
2 9803 2560
1 8469
0
2 1636 7748
0
2 5165 6442
1 9636
2 7616 7428
2 778 2816
1 452
1 7386
1 4748
2 6580 9632
1 2424
1 4994
0
0
1 4242
2 2133 3530
2 8745 264
0
1 6002
0
2 9436 7770
1 9830
1 5182
2 6384 4854
0
1 1847
2 8722 9256
1 9523
2 6233 1251
1 4482
0
2 7405 6365
0
2 5456 9064
0
1 4669
0
1 6439
0
1 7837
1 6837
2 9483 8240
1 1516
1 575
0
0
0
2 4628 7694
2 5797 2846
1 5411
2 2058 9689
0
2 770 1330
1 7990
2 9477 5334
2 3893 7111
1 23
2 7409 4000
2 1076 2666
2 774 3418
0
0
0
1 1039
2 5054 317
2 7227 7869
1 8566
0
0
0
2 6839 9578
1 9058
1 474
0
0
2 7907 4545
1 6537
2 4258 8810
1 879
0
2 7781 2500
1 8476
0
1 9603
2 227 9293
1 5066
1 3015
2 2786 1649
2 2824 1464
2 7633 3544
0
0
1 1820
1 8499
2 2813 6931
0
1 5312
0
0
1 8801
2 2192 6299
2 1678 2103
0
2 228 6750
1 6159
2 7397 9675
0
1 5000
2 4032 6201
0
1 6987
2 6648 6994
1 1430
0
0
0
1 3441
2 5024 1965
0
0
2 5475 9712
0
2 7850 4951
0
0
0
1 7972
1 5703
2 3685 3163
1 3199
0
0
1 8404
2 93 7988
2 9237 2554
2 4753 7017
0
2 995 330
2 9753 3967
1 8919
1 5218
1 4737
0
0
2 2254 1392
0
2 1035 4197
2 6745 9860
1 5814
2 1427 8016
0
2 5787 8439
0
2 5423 3561
1 9797
1 2145
1 2524
0
0
2 7461 5622
0
0
1 2459
2 4739 5734
0
2 961 7150
0
2 2615 3852
1 4921
0
1 8569
1 3043
0
0
1 8389
0
1 3883
0
1 9046
2 3305 2903
0
2 3631 8424
2 8477 8401
2 5723 6529
2 5706 9470
2 4925 3626
1 8720
2 4654 5146
2 9458 2939
0
2 9086 2376
2 2161 9886
1 9421
1 1946
2 4805 4642
0
2 4517 223
1 3665
1 8741
2 3714 5632
1 3749
0
0
1 2525
1 4205
1 8889
1 1843
2 5530 8689
0
2 8973 4775
2 7761 3818
2 2921 7490
1 5986
2 2523 7700
0
1 2678
2 4704 5616
2 1434 5658
2 820 3782
0
0
1 5565
1 2886
2 9468 9672
2 1981 8977
0
0
0
1 7933
1 3307
0
1 6884
2 8728 3909
0
1 9660
0
0
2 7901 8936
1 2050
2 221 1478
2 6573 8907
1 6474
2 6034 2053
1 5627
2 4912 4389
1 6349
0
1 6125
1 1436
2 3056 353
2 8008 2066
2 4152 917
2 9737 7639
0
0
2 5592 5897
2 4094 284
1 2756
2 6862 2490
0
0
1 5531
0
2 6406 8944
0
1 1403
0
2 8323 5731
2 3345 9902
2 781 9050
2 7367 8927
1 832
2 8620 5149
0
1 2948
0
2 3325 4728
1 2832
1 4774
0
0
1 1944
2 1868 4444
2 8466 800
1 8353
0
1 4196
1 2593
1 869
2 8871 342
0
0
2 1724 242
1 6655
2 4675 254
0
1 216
0
0
0
1 814
2 128 7956
2 690 2947
0
1 7655
0
0
2 4442 3087
2 8387 6820
2 8523 3656
0
1 4146
2 1498 5767
1 9241
2 3073 4407
0
2 9540 1993
2 1170 4278
0
2 7120 1683
1 8893
2 7511 8532
1 4345
2 4931 6943
2 2383 9724
1 3206
1 4698
1 2551
0
1 5021
1 7233
0
2 5117 8883
1 6411
2 4280 6324
1 6456
1 8788
1 2567
1 4819
0
1 3464
0
0
1 8412
1 146
1 5413
2 876 5200
0
2 5957 2101
1 9405
2 7142 4037
2 579 8894
0
1 1324
2 1545 3357
1 3
0
1 3192
2 3537 5717
0
1 1340
1 2497
0
2 4894 997
2 5955 4105
2 8179 6418
0
1 5097
0
0
1 9684
1 4424
0
2 9963 551
2 2677 160
0
1 6
1 588
1 5164
2 3236 1244
0
2 9432 6723
0
0
0
0
1 9318
1 919
2 6923 3101
1 5742
1 5490
0
2 9758 8263
2 6888 2280
0
0
1 5025
0
1 2952
1 5520
1 9225
0
2 2142 529
1 4513
2 5281 636
1 4385
0
1 5927
1 7963
2 8881 480
2 3567 9138
1 3679
2 458 809
1 1052
0
0
0
2 6763 4031
2 744 84
1 6283
1 8303
0
2 6343 1826
2 1769 6568
0
0
2 9558 2275
2 7817 593
2 9065 9839
2 9429 8629
1 6242
2 8036 8195
1 1947
1 4827
1 2493
2 1689 1857
2 2052 4982
2 6097 2499
1 2856
2 9051 2754
1 9271
2 1356 4770
1 4238
2 2667 7230
0
0
2 9020 4327
1 6090
0
1 4285
0
0
2 5884 4547
1 9229
0
1 381
1 8171
2 9646 543
1 8242
0
0
1 9489
0
0
2 1788 2282
0
2 8021 9741
0
1 3903
0
2 3029 7190
2 5466 7805
0
2 7049 8386
2 6060 9732
2 6377 3592
0
2 7054 7533
2 7821 8290
0
2 4749 9639
0
1 613
1 6271
1 71
2 9481 8256
0
0
0
1 9652
1 6815
0
1 3335
2 6316 614
1 4128
1 7326
1 3650
0
1 1450
0
0
0
1 9497
1 3254
1 2439
0
0
0
1 4479
1 6302
0
1 5127
2 772 517
0
2 7985 1566
2 6326 1148
2 6786 1135
0
0
2 346 4493
2 710 6148
2 5326 4247
1 2845
0
0
2 3842 7728
2 3447 999
2 5485 4663
2 5452 2664
2 3902 8186
0
1 2351
2 2418 718
2 5314 7105
2 9819 4131
1 9356
2 2481 7860
0
1 8039
1 6619
1 3495
2 1154 1397
0
0
0
2 7265 1195
0
1 9842
1 707
0
1 456
1 6010
1 9541
0
2 4813 2316
1 5432
1 251
1 6486
0
1 6227
0
0
2 9505 9973
0
2 2393 2997
1 8732
2 3523 4081
0
1 6802
0
2 9926 8010
0
2 3086 3000
0
1 1522
1 6699
0
0
0
2 9091 3417
2 8284 6912
1 9419
0
1 4928
0
1 1292
1 373
2 9915 1381
1 3270
0
0
1 7355
0
0
0
0
0
1 3175
0
0
2 3683 1756
2 3413 5215
1 9960
0
1 6268
1 8064
1 4680
0
1 6853
0
0
0
1 8079
0
2 5872 4784
1 5781
1 6557
1 6989
2 5640 2137
2 2146 763
1 6181
1 9112
0
1 490
2 8727 1963
2 4299 4693
1 1686
2 3682 4066
1 1071
0
0
0
2 9069 3171
1 2339
1 4616
1 3987
0
2 9859 9562
0
0
1 4141
0
1 9183
0
0
0
2 6279 6678
1 5079
1 2245
1 1453
0
2 9848 2219
2 2855 3245
2 2180 8253
1 9590
1 1007
2 8368 7027
2 408 5033
1 7048
2 9321 5124
0
2 1594 3487
0
0
2 96 675
1 8612
2 409 6294
2 5943 3955
2 1218 4286
2 8188 6153
1 835
0
2 2447 1546
1 6357
2 7626 2801
2 2064 8435
0
0
1 3638
1 1426
2 4952 2436
1 5997
1 3266
0
0
0
2 2826 1448
2 7317 8207
0
2 3202 6508
0
1 3596
1 3263
2 8168 2242
0
2 148 3667
0
2 1416 3858
2 8487 8729
1 2547
2 7101 9614
0
2 8797 4304
0
2 5180 7064
0
2 2268 1930
2 4273 5043
0
0
0
1 6909
2 2098 9543
2 9914 8694
0
0
1 1614
0
0
1 9266
1 3079
0
2 3282 2965
2 4725 7033
2 9962 4776
2 108 7259
0
1 2169
2 1105 4441
0
1 6461
0
1 379
0
1 2776
1 3027
1 8706
0
2 5539 4372
2 1986 4495
1 7244
0
1 6135
2 3298 8529
1 4370
1 5308
1 9228
1 3174
1 358
2 5070 5223
1 3309
2 4635 3084
2 8879 3986
2 2572 793
2 609 655
0
1 8176
2 5404 5850
1 6916
2 8952 7839
0
1 3247
1 7579
1 1126
2 7524 421
1 4807
2 7121 8311
0
2 6836 3211
1 863
1 4463
0
2 1639 4498
1 4190
0
2 7545 2984
2 6929 2814
0
0
1 3197
0
1 2540
2 9726 6777
1 1268
1 9222
1 8234
1 965
0
2 3812 5665
1 6048
1 6817
2 1267 9840
0
2 2122 1047
1 5624
2 9406 7768
2 3675 3745
2 914 508
0
2 5605 502
0
1 1490
0
0
2 3526 2988
1 7541
2 3718 8603
2 6760 6219
0
1 5990
0
0
1 811
2 9402 4043
1 9158
2 2765 5428
1 2932
2 2190 1751
2 9837 5552
2 1661 7473
0
2 3144 8938
2 3136 7516
1 6779
2 1539 867
0
2 903 2993
2 7130 1663
0
0
2 3547 9773
1 7555
0
1 8221
2 4166 2729
2 9199 6803
2 1370 2273
1 6609
0
2 8154 6572
0
1 87
0
2 3016 9893
0
1 2797
1 3590
0
0
1 1196
1 2136
1 5350
1 605
2 1462 4239
2 5435 2047
1 5004
0
0
1 7277
0
1 8630
1 3106
0
1 1674
0
1 1825
1 2867
1 9227
0
0
1 8872
2 6746 4023
2 8090 3961
2 472 9195
1 8138
0
0
1 69
0
0
2 816 5364
0
2 3898 4335
0
0
0
1 9935
2 3746 8968
1 2079
0
0
0
1 2253
0
2 2759 1752
0
0
0
1 1888
2 7413 86
0
1 6395
1 1797
1 3411
0
1 2538
0
2 840 3795
0
1 1227
2 545 9041
0
1 9801
2 9745 4746
0
2 8589 7806
2 2521 4422
2 8217 8838
0
2 67 1057
0
1 7345
2 4955 4612
0
1 4075
1 2207
0
1 2020
2 7528 6127
1 2411
1 2916
0
1 2769
0
0
0
0
1 1345
1 9224
2 7693 4142
1 3616
2 6492 1996
0
2 9690 5448
2 3566 3217
2 7325 3385
0
1 4312
0
0
0
1 6999
1 3541
0
1 2828
2 9291 7735
2 8537 1455
1 7910
2 7666 4677
0
1 7508
1 9945
1 6478
1 4853
2 2647 4295
0
0
2 5388 3915
2 6671 5607
2 585 5951
0
1 9078
1 1248
0
2 9781 4804
1 5188
2 4076 1424
1 684
1 4665
2 9113 884
0
1 2070
2 600 934
0
0
1 6936
0
2 2419 4283
2 9978 8905
0
1 5069
0
1 8410
2 8321 8619
2 7292 3154
0
0
1 6861
2 10000 7319
0
2 990 3261
0
2 5476 7602
2 7309 2129
2 323 3038
1 3290
2 1693 4963
0
2 1115 8780
2 5356 4940
2 9463 4055
2 6754 219
1 3680
1 1125
0
2 4595 105
2 3436 2911
2 1238 7097
0
0
1 1019
2 3755 5470
0
2 3829 1771
1 7570
1 8051
2 6093 3127
2 630 7424
2 8508 1351
1 595
1 7407
2 6591 8713
2 6880 8444
1 8577
1 2296
0
0
0
1 5760
1 4886
0
0
2 9571 2575
2 8777 488
0
1 5672
2 4307 9003
2 3729 784
2 1925 4287
0
2 6811 4214
0
1 5816
1 2699
2 8419 7672
1 9907
1 3876
0
1 3637
2 2126 5852
0
0
2 8031 5397
0
0
1 7971
1 7436
0
2 4958 6388
0
1 8094
2 4346 9267
0
1 4478
0
1 5274
1 1863
2 4358 2188
2 4659 916
0
1 7502
1 7414
0
0
2 2034 6037
1 2426
0
1 5805
1 1121
1 9358
1 2839
1 2858
2 3318 3415
2 8247 823
0
0
1 491
2 8615 2394
1 8346
1 5059
0
1 9779
1 9545
2 6313 9794
2 9742 7561
1 2278
1 1065
2 7031 1778
1 5284
2 3582 9279
1 9532
2 8882 9265
1 3092
2 3493 2198
2 3531 9957
1 2317
0
0
1 9682
1 9172
0
0
0
0
2 1779 3004
1 6504
1 7022
2 2944 8747
0
1 6706
0
0
2 6560 7767
2 1463 7123
0
0
1 8610
2 3871 27
1 2802
0
2 8262 1357
1 6136
0
2 4095 1472
2 5219 4687
0
2 9620 5526
0
0
1 1917
0
1 7392
2 3659 7254
0
2 4822 6547
0
2 172 1096
0
0
0
2 829 8398
2 6277 4507
2 8086 211
0
0
0
0
2 8846 5416
2 6955 5248
2 3792 3867
1 6954
1 9891
0
1 3395
2 4847 4830
1 2319
2 1850 6668
0
0
2 4839 5257
1 7575
1 8162
2 6902 3062
1 3364
0
0
2 9506 6525
2 4004 5548
1 3244
0
1 8869
0
0
0
0
2 2258 7125
2 3458 1967
0
2 2706 4235
0
0
0
1 1588
2 311 9218
0
0
2 3327 4406
2 5421 848
0
0
2 9340 5183
0
0
2 4386 4155
2 8632 68
2 3722 845
2 1055 4696
0
0
1 9326
2 6061 1085
0
1 2794
2 670 2201
2 7075 167
2 7780 1874
0
2 6978 5120
2 2928 5953
2 2778 5431
1 4393
0
2 2890 4344
2 7743 384
1 4841
0
0
1 3617
1 36
2 9736 5368
1 3235
2 5109 5613
0
1 8903
2 2044 2925
0
0
2 2062 8547
0
1 6863
0
1 8478
2 8600 2390
1 9200
0
0
0
0
1 5989
2 7847 8906
0
1 4411
1 6555
1 4916
2 4832 5506
2 473 7193
2 2924 3462
2 2707 4878
1 6957
1 8334
1 5272
1 1300
0
1 1252
2 4598 8585
0
2 8574 3284
1 1780
1 7406
0
1 113
0
2 7831 9865
0
1 4070
1 277
2 5869 1860
1 9516
1 1111
2 7283 5834
1 5501
2 8884 4470
1 5991
0
1 9080
0
1 6590
0
2 7421 986
2 2681 4529
2 7263 4667
1 7854
0
0
1 2885
0
2 9572 5535
1 5543
2 7928 1644
0
1 1223
2 3179 2092
1 4638
0
0
2 561 8500
0
0
1 9076
1 6128
2 372 1127
1 7526
2 9936 1711
1 6358
2 1229 9216
2 4780 9027
0
2 5573 1875
2 9760 3350
1 7157
0
2 2475 2710
1 8189
2 4887 3726
0
2 5338 3963
1 9177
1 6956
0
0
0
1 2158
2 9101 9206
2 6985 5
0
1 7458
0
2 3109 8100
0
2 596 6634
1 7221
0
2 5374 5569
1 3882
1 582
1 2533
0
2 6698 7019
0
2 165 7562
2 8761 9738
1 3700
1 4646
2 8614 1243
2 5849 680
1 2561
1 7577
0
2 9917 1675
0
0
0
2 5894 9623
2 8678 5752
0
1 9124
0
1 3030
0
2 6518 7044
0
1 8737
2 1805 6940
1 7620
1 6517
2 9870 7798
0
1 1918
1 4046
0
1 3777
2 1216 8552
2 3725 8766
2 6764 7742
0
2 5920 6327
0
1 3065
2 329 2941
0
1 9638
2 6615 7962
2 2361 1952
1 9484
2 3865 2529
2 6841 9986
0
2 2267 2849
1 9548
2 8061 3892
0
2 3386 3784
2 5793 7807
2 4174 3708
2 5714 5688
1 7270
1 2488
0
0
2 6993 9679
0
2 833 6288
1 1206
0
1 4863
1 7718
2 9553 5682
2 3006 3559
2 2766 5515
2 376 5871
2 3482 334
1 5695
2 2614 6736
1 7522
2 1279 9478
1 1937
1 3769
2 3727 4735
1 2094
2 513 3491
1 416
0
2 3884 6659
0
1 5776
1 9622
1 3690
0
1 8515
1 5818
2 4044 6515
2 2359 8598
0
0
1 7225
0
2 5711 1480
1 97
0
0
0
0
1 225
1 2127
2 9095 776
0
1 8755
2 8563 9348
2 3256 413
1 2336
0
1 1405
1 7320
2 8304 5500
2 2807 9670
0
1 6998
1 9714
1 9382
2 5020 9322
1 5954
2 6055 2369
1 8390
0
2 7746 8733
2 3445 7076
2 5247 6484
0
0
1 9243
1 6599
1 7969
0
2 9619 6348
1 4755
2 8677 6631
0
1 1234
1 759
2 7723 3089
1 2779
2 587 4570
0
1 5077
0
0
0
0
2 8980 4288
0
0
2 1107 3110
1 3193
0
0
1 2535
1 8414
1 286
2 1592 9043
0
1 5876
0
1 6917
2 2977 898
0
2 8361 8749
2 3558 3969
1 5325
1 2787
0
0
1 2796
0
0
0
0
0
0
1 7572
1 1341
1 4158
2 897 6157
2 938 1764
2 2715 9399
0
2 4030 9554
0
0
2 686 5474
1 6021
0
1 2509
1 9928
1 2953
2 5170 3172
0
2 4531 5370
2 939 4091
2 704 6924
0
1 6333
0
0
0
1 8534
1 4752
0
0
2 3620 4009
1 7514
0
2 2240 7248
1 9445
2 1671 5185
0
1 9822
2 6505 4632
1 1734
1 335
2 6043 3689
2 570 8599
2 5608 9777
2 8870 9617
2 2596 2969
2 2761 3540
0
1 5687
2 1484 3424
0
2 6345 1145
0
2 8306 8119
0
0
0
1 3889
1 9746
0
1 787
0
0
2 2612 8867
2 1866 8222
2 7568 2959
0
2 8400 6031
1 1864
1 4058
1 1298
0
2 405 3194
1 6494
0
0
0
1 4684
1 4821
0
2 2584 6472
2 3819 2838
1 8974
0
2 3050 5833
1 157
0
0
1 8337
1 6720
1 6962
1 116
1 8616
1 3152
0
1 6150
2 5857 183
1 8634
1 7122
1 9332
1 5730
1 7158
0
0
1 4724
1 1608
1 7127
0
0
1 8007
2 5848 4323
1 5327
2 9360 5901
1 6083
0
2 9719 4857
2 6896 5040
0
1 8829
1 2241
0
0
1 7605
1 1985
0
0
2 7374 7848
2 4674 9418
0
2 3827 3662
0
0
0
1 4689
1 2377
0
1 5754
1 3550
0
2 4709 8692
2 1187 2657
1 5106
0
2 2095 8056
1 449
0
0
0
2 1902 9763
1 4177
1 604
1 563
0
0
0
0
0
2 7822 135
1 7468
0
0
1 5513
1 5401
2 262 6520
2 8909 2473
0
2 8799 6550
2 1763 1773
0
1 6806
2 6984 2870
0
1 5140
2 7041 7816
1 758
0
0
1 8407
2 4332 8555
1 2409
2 3176 1245
1 689
2 9838 9262
0
2 4059 3941
1 5924
0
2 9314 1846
1 2027
2 74 7210
0
2 2595 6895
0
2 8442 9416
0
1 82
1 7794
0
2 19 9120
1 7853
0
1 6893
1 5827
0
0
2 3609 9611
2 5382 2000
0
1 6179
2 1586 5663
1 9230
2 2940 900
2 2072 8593
2 2625 2901
2 7171 2661
0
1 8474
2 3332 4096
2 1189 3759
1 2083
1 3240
1 6526
2 1347 8456
2 9071 6791
0
1 1983
2 3403 7442
1 1840
1 3998
0
2 7795 6107
1 8896
1 460
0
1 3334
2 6141 6621
0
0
1 4443
2 8588 6939
1 9990
2 4993 3156
2 4992 423
1 2852
2 2187 314
1 2652
0
0
1 6280
1 1832
1 8200
2 1194 4086
2 6768 549
0
2 4625 6464
1 1533
2 1535 8953
1 1488
1 8019
2 9551 9128
0
1 8951
0
1 7102
2 749 166
1 7280
0
2 7950 4756
2 8954 9317
0
1 5952
2 5496 7329
0
0
0
2 7741 3802
2 6796 6223
0
2 4042 734
1 598
1 594
1 2301
1 8210
1 5403
1 2703
2 2770 3249
1 4350
0
1 2987
2 7544 9694
0
1 2599
0
1 5383
0
0
1 6074
1 4161
2 4418 705
2 8908 5864
0
0
1 699
2 1146 5487
1 5602
1 3095
1 1043
0
2 7267 2152
2 3070 7464
0
2 3557 4047
0
2 1716 1354
2 380 1350
0
2 8058 618
0
2 2362 259
2 6266 5426
2 3387 2353
0
1 8556
0
1 1095
1 8198
1 9613
0
2 7584 6587
2 6475 203
1 1092
2 2637 4300
0
0
2 6402 3140
0
0
2 5446 5419
2 9354 890
1 7706
0
0
2 3046 9460
0
0
1 4382
2 5996 5809
1 397
1 7607
2 3037 8504
2 7673 2159
0
2 5998 6756
0
1 5820
0
2 9364 3813
1 1795
1 1950
2 9812 366
0
2 8151 1837
0
1 4801
0
2 9800 6995
1 6214
0
0
2 3949 9894
2 7249 8441
0
0
2 8102 8218
1 7470
1 1334
2 4397 369
0
1 504
0
0
1 3213
1 8034
1 880
0
1 7491
1 5144
1 3602
0
0
2 547 2700
2 9002 5406
2 8522 4757
1 3467
2 1242 3573
0
1 8479
0
0
1 3763
1 3732
1 4450
0
0
2 1799 3133
0
0
1 4140
0
2 2061 6860
0
0
1 7141
0
1 2014
1 6322
0
1 9018
2 8659 5101
2 2970 3488
0
0
2 3703 527
1 2322
0
0
1 9695
2 9030 9734
0
0
1 3221
2 4505 8898
1 5174
0
2 4188 2043
0
1 3917
2 9841 6172
1 31
0
2 5987 5721
2 3057 2450
0
2 7251 5205
1 7081
0
1 3992
2 519 3312
0
2 3651 8158
2 3848 8336
1 5458
0
2 2704 1730
1 4012
0
0
1 631
2 6810 2430
0
0
2 5191 6790
1 1530
1 8850
0
2 1606 7361
0
2 9942 9400
2 5115 8824
1 6335
2 5377 6658
2 1895 4236
2 9061 6415
0
2 6576 4063
0
0
2 7385 4688
0
2 2726 1642
2 3483 5948
0
0
1 4363
0
2 5181 4871
1 4362
1 1262
0
0
0
1 6167
0
0
1 1738
1 5705
1 2851
1 9849
0
0
2 415 3693
0
2 9882 688
1 4986
2 6210 7354
1 6712
1 4225
2 4869 2957
2 8597 8405
2 2872 2695
1 2574
0
2 9045 8062
2 769 5690
0
0
0
0
0
1 4170
0
1 5130
2 9584 3048
2 241 5618
0
1 4797
0
0
0
0
1 2587
0
2 822 2135
1 2592
1 6584
2 2437 5367
0
1 1831
1 1667
0
1 9310
1 7868
2 8024 984
1 9273
0
0
1 5935
0
2 7625 3939
2 2460 9953
1 9191
1 4942
2 9756 4652
2 4347 1858
1 3331
1 1101
1 2676
1 434
0
1 7492
1 7843
1 9502
2 7532 671
0
1 6363
1 9152
2 5875 2018
1 8131
0
1 6041
2 7890 2927
2 3132 1894
1 5276
2 1757 1153
1 9984
2 202 7300
1 6688
2 4139 4751
0
1 1100
2 7117 6346
2 9176 5606
1 2760
1 5791
1 1718
2 4367 1129
0
1 3438
1 9166
2 4899 3603
2 6757 2334
2 5965 4950
2 798 2692
2 5785 296
1 1336
2 290 6907
2 6691 2518
2 9586 3953
1 7069
2 9644 4237
0
2 1192 3900
0
2 2594 9464
1 723
1 728
1 7404
0
1 6082
1 4003
1 2017
1 2337
2 396 2817
2 279 1003
1 25
0
2 586 2937
0
1 7648
2 2328 5873
0
1 1323
2 8853 893
1 4022
1 6452
0
0
0
2 9918 5319
2 4439 5916
2 2112 4248
2 7762 123
1 39
1 3409
1 344
2 9465 394
0
0
1 1429
0
2 6506 3787
1 9448
0
1 8069
1 6222
2 4640 6451
1 1783
0
2 5811 7499
0
2 5399 8494
0
2 9087 4668
2 8393 9943
0
1 5320
0
1 8855
2 3983 2750
1 8561
0
0
2 9933 1226
1 4143
2 153 1458
2 6151 5589
1 4466
1 6881
2 364 7423
2 3982 235
0
2 8815 2443
2 7905 4244
1 465
0
0
2 9828 9947
0
1 5861
1 5003
2 6408 2299
2 8137 5758
1 8519
1 5343
0
1 7328
1 4627
1 3207
0
2 779 3647
2 5668 5883
2 2995 1193
2 24 516
2 7454 7034
2 6004 127
1 371
2 345 8735
0
1 9342
0
1 8865
2 5936 7899
0
0
2 6748 7734
2 7557 8203
0
0
2 4045 1955
1 4690
0
0
2 7302 2300
2 5728 6534
1 7148
1 8807
2 49 3738
0
2 6630 7103
0
1 9944
2 3721 7445
2 1712 2269
1 9979
1 5341
2 5037 5125
1 189
2 8840 7699
2 6164 2842
2 3437 3384
1 634
2 1979 6887
1 831
1 5621
2 9129 7953
0
1 4216
0
0
0
1 6176
0
2 8172 8276
2 8730 7590
0
2 7481 1167
0
0
0
1 789
1 7757
2 7050 1014
0
0
2 7100 5654
1 5258
2 9409 7290
1 8332
0
2 5675 5641
0
0
0
2 7208 9192
0
0
2 2552 3429
0
2 913 8530
1 2350
1 4303
1 3834
0
2 8273 4741
2 1049 1257
1 5352
1 6875
0
1 7191
0
2 8224 5482
1 9404
2 133 4782
0
0
1 5220
2 5845 8802
0
1 9930
0
2 6098 2877
0
0
0
0
2 2121 2323
0
1 2234
0
2 7894 1634
0
1 2206
1 6256
0
1 9298
2 3844 1461
0
0
2 8381 9097
0
2 5462 5057
0
2 533 9196
1 4620
1 1501
0
2 846 2929
0
1 7629
1 395
2 8506 5790
0
1 1203
2 1553 1026
0
2 802 9596
0
0
2 5105 9454
0
1 6844
0
1 5098
1 9426
0
2 2684 5541
0
1 2930
2 7035 6122
0
1 7614
1 9517
0
2 1414 3408
2 1037 3091
0
1 180
2 7360 2961
1 1723
1 8230
1 724
1 9144
2 7849 9275
0
0
1 891
1 4911
2 7543 3612
1 7358
1 9680
0
2 1408 5504
0
1 6775
1 7185
2 5078 5976
2 5018 5724
0
0
1 5197
0
0
0
0
2 1214 8178
2 9892 9316
0
1 4353
2 4702 1271
0
1 4051
1 1806
2 6466 154
2 2038 4033
0
1 4207
2 5825 2248
1 9771
2 5186 1060
1 2793
1 4685
1 6544
0
1 4997
0
0
2 2746 4917
0
1 2904
2 1511 8377
1 8890
0
1 2607
1 3657
0
2 3896 7289
2 3821 7279
1 7080
1 1908
1 541
2 1615 4726
0
1 6123
2 6495 6941
2 9847 9977
1 6174
2 3870 9019
1 6419
1 4292
1 42
0
2 4528 1221
0
2 6072 6285
0
0
1 3465
1 8866
0
0
0
0
1 6264
1 7827
2 1040 6351
1 9728
0
1 668
2 3457 8501
0
2 6290 2673
2 4781 3060
0
0
2 3560 6871
2 3209 8157
1 9368
2 1519 4603
1 6694
0
0
2 4712 8551
2 9145 5928
0
2 7176 6846
1 4662
0
2 158 3635
0
2 2063 5189
1 14
1 7155
2 2532 4308
2 9593 5110
2 3856 1274
2 7338 1239
0
0
0
1 611
2 8427 1982
1 9659
2 5349 2805
0
0
1 6106
0
0
2 5619 5694
1 8107
1 3018
2 8101 8571
0
2 6654 3931
0
1 4241
1 4481
1 5746
0
1 3546
1 3739
1 8277
1 4376
0
1 7712
2 8194 4068
0
0
0
0
1 1289
0
2 2298 5532
0
2 1762 8493
2 9167 3607
1 3551
0
2 2564 2263
0
0
0
1 6282
2 6117 7965
2 1938 3670
1 5800
2 7891 3532
2 9437 7344
2 6530 7370
1 2197
2 8514 6959
2 3527 7245
1 5667
0
2 6398 4865
1 6629
1 7260
1 7659
1 1876
0
1 1322
2 7681 7912
2 4649 2722
0
0
2 5264 9487
2 3359 8248
0
0
0
2 495 8738
2 8480 8201
0
0
2 470 6462
1 2980
1 7617
2 2405 9189
2 9595 8088
1 9525
1 3099
1 7840
2 2548 9725
0
1 807
2 7153 8411
0
0
1 3555
0
0
2 2110 7198
1 7258
0
0
1 5422
0
2 5192 3954
1 9369
2 4325 4583
2 4202 267
1 5143
1 4208
0
1 7669
1 3825
1 6334
1 141
2 8750 1339
1 1138
0
2 2910 5755
1 9115
1 9260
1 4120
2 7783 2986
2 1964 853
1 9782
0
2 5966 9667
0
1 5713
2 3600 1687
0
1 8645
0
2 9802 511
1 5091
2 2730 5904
0
1 5574
2 3028 6307
1 3492
0
1 873
1 5842
2 388 6949
2 9486 9004
2 815 4868
2 8512 3396
2 7536 8923
1 4541
0
1 1158
0
1 6840
0
1 1254
2 4301 9492
1 2537
1 5222
0
2 7161 1508
2 6623 7938
0
2 5729 8643
1 6465
2 6394 959
0
1 862
1 6493
2 6627 6344
2 2857 3588
2 9343 4145
0
0
0
2 7922 6108
2 176 3003
0
1 7339
0
0
0
0
2 5512 5420
0
1 2714
1 8148
2 9537 1064
1 523
2 7040 9503
1 2978
0
2 5886 8074
0
2 2074 9282
2 220 181
0
2 1948 1959
1 3459
0
2 56 7866
0
0
0
1 3169
2 8595 1054
0
0
2 842 9393
1 5163
0
2 6904 4018
1 6076
2 7726 9874
0
1 9868
0
0
1 1069
0
1 9014
0
2 3001 1580
2 492 1612
2 2505 6813
0
0
2 5075 868
1 50
2 1571 6997
0
1 8426
0
0
1 5339
2 6612 8823
0
0
0
2 5968 8443
1 5676
2 7434 6646
2 1765 5252
0
1 3093
0
2 9900 5900
1 4084
2 9331 8841
0
0
1 3641
0
1 4430
1 739
0
2 3051 4260
1 4657
2 2385 9403
1 2688
1 7426
2 9346 6015
0
2 5082 1457
0
0
1 5133
2 7903 3423
2 9883 9238
1 89
1 6329
1 7835
1 4861
1 8753
1 375
2 9443 2060
1 200
2 6481 6885
2 2252 9705
2 4117 90
1 3021
1 8878
1 1813
2 9574 5975
2 1015 2711
2 3196 865
1 7788
0
0
0
2 1287 1098
2 2530 313
0
1 2909
0
0
0
2 6632 2476
1 8998
1 7932
0
0
0
0
0
0
1 580
0
0
0
2 7104 883
1 1316
0
2 4823 6366
0
1 7941
2 6845 760
1 9214
2 3472 6427
1 1989
0
1 1412
1 8685
1 1150
0
2 2164 8576
2 2131 677
2 2484 5588
2 3988 1264
1 5102
0
1 4678
0
2 2697 7255
0
1 2215
0
0
2 3503 2478
1 3940
1 6726
0
2 9160 7947
0
0
0
2 6538 9921
0
0
1 3297
0
2 7057 4050
1 5329
2 4939 4506
1 4414
2 333 8757
2 7851 2368
1 9536
0
0
2 1924 1942
2 9922 2289
2 7394 4366
2 7391 5745
1 411
1 2578
2 5922 4771
1 6058
1 3117
1 7204
2 4637 1044
1 5522
0
1 9751
2 4965 5269
2 4658 9648
2 6340 7379
1 1442
0
1 5700
0
2 6453 1640
0
0
0
0
0
1 8647
0
2 1337 2721
2 1140 1573
1 5740
0
0
0
0
0
2 9388 6674
0
0
0
1 7739
0
2 393 4342
0
2 8997 7435
2 1327 7797
2 6532 8830
2 7427 3811
2 4512 3921
1 4162
2 4148 5175
1 7874
1 1731
2 8806 687
2 3814 1034
2 2139 2716
1 9174
2 8665 7384
2 6737 918
2 5866 2461
0
0
2 327 1552
1 3208
0
0
0
0
1 4129
0
0
1 8254
0
0
1 9880
2 72 646
0
1 8940
1 3643
2 126 5878
1 7337
0
0
1 4786
0
2 5208 3262
2 717 9276
2 6715 5238
2 7599 5718
1 5583
1 7520
0
0
1 8839
0
0
1 1382
0
1 3476
1 4530
1 8029
0
0
0
1 8672
2 3907 6054
0
0
0
1 258
0
2 1136 6967
2 3553 8860
0
2 7711 7800
1 661
1 8022
2 8719 8471
0
1 6309
1 4270
2 1155 6447
0
1 1425
0
2 4428 5243
0
1 4562
1 6429
1 1972
2 4723 9871
2 3150 1559
1 479
2 4445 1036
0
2 8190 4108
2 1887 5005
0
0
2 275 3042
1 9890
1 9485
2 7698 8489
0
2 952 2914
2 1045 3691
0
2 1909 6269
0
2 2643 2675
0
0
1 4745
1 360
2 4334 6765
1 6241
2 1537 4132
1 9818
1 4520
2 4559 7812
0
1 7196
1 422
1 6080
2 8774 1151
0
0
2 8453 7228
2 8886 2477
2 5889 1175
0
1 5028
1 1710
0
1 5122
0
2 2506 4842
1 6707
0
1 8135
2 2120 155
1 4302
1 9427
2 5813 2184
2 2153 9239
0
0
2 6778 5494
2 3451 4567
2 3497 1097
2 4579 2945
1 9630
0
1 872
0
1 75
2 8292 7042
0
2 2155 1801
2 8955 9223
0
1 632
2 9068 2277
0
2 4664 8707
1 2247
2 3846 5307
2 7092 2329
1 3841
2 2888 9954
2 8329 1990
2 1220 2172
1 4313
0
1 6703
0
2 7738 2662
2 9431 8937
1 3533
1 5567
1 6063
0
2 5179 7751
1 9509
1 1949
0
2 881 1627
1 9377
0
1 2976
2 1016 2340
2 745 1253
1 9951
0
0
1 1272
0
0
2 3454 9939
1 1233
2 7066 4820
2 8370 2154
2 2366 7667
1 3918
1 1258
2 6920 3241
0
1 5048
0
1 1915
1 6066
2 7880 4343
0
1 9821
1 1200
1 1507
0
1 9772
0
0
1 8545
0
2 5959 6540
0
2 2404 6052
2 8268 5073
0
1 6331
1 2427
1 328
0
2 3872 2005
0
2 6800 4838
0
1 4333
1 3695
1 6705
2 2815 3186
2 6784 6878
1 5812
2 9315 1881
2 7753 4324
1 3790
0
2 5503 5299
1 4391
0
2 7376 1708
2 8875 3859
0
2 3908 6158
2 5994 1842
0
1 5285
2 3295 4133
0
1 5662
1 6792
2 5387 3253
0
2 8644 5359
1 1476
0
0
0
2 7878 657
1 7919
0
0
1 9473
2 9444 9657
1 263
2 1999 5783
2 9693 9010
0
2 4732 3984
1 7053
1 1610
0
2 1365 8112
1 9827
1 5495
0
0
0
0
2 3697 9707
0
1 6970
0
1 1526
0
1 7296
2 8939 9386
2 4969 5930
0
2 4296 7531
1 412
2 1538 2755
1 9621
1 7167
2 6867 6742
2 6376 3187
2 9102 7697
0
0
0
0
2 2905 6667
1 109
2 7478 2844
1 3293
0
2 3752 7143
0
2 52 1013
1 8105
2 9433 4138
0
2 8769 3831
0
1 145
1 619
0
0
0
1 569
1 3706
2 197 4551
1 1131
1 9039
2 8418 7169
0
2 5321 8373
2 7018 2428
0
0
2 9323 3036
0
0
2 1437 9552
0
1 882
0
2 6300 4271
1 9594
0
1 7351
1 2482
1 2748
2 4233 3059
1 7987
2 2583 8038
0
2 3114 3981
1 9878
0
2 5113 9001
0
2 6789 2111
2 6454 1236
0
0
1 8550
1 7754
2 8147 8327
0
2 3924 4945
0
0
2 1822 3791
2 6440 7683
2 9208 3238
0
2 7395 8491
2 7030 9132
0
1 1755
1 298
2 2084 7979
0
1 7946
1 6287
1 6186
1 9697
1 2039
1 6714
2 694 2147
0
2 7180 4403
1 2590
0
2 7824 9075
2 2656 9424
1 3102
0
0
2 3757 5049
1 2204
2 2516 98
2 8298 1872
1 878
2 5788 340
0
1 3704
1 3145
0
2 4521 4163
1 3528
2 3159 1584
2 3299 9775
0
0
0
0
2 9482 5795
0
0
0
2 3615 7731
1 1726
2 7071 8202
0
0
0
0
1 8127
0
2 2511 951
2 1680 4123
0
2 4231 4586
2 5156 5824
1 1812
0
1 276
1 324
1 4796
2 5617 2349
0
1 8859
1 339
0
1 7271
0
1 1335
1 5212
1 6528
1 2422
1 4179
2 3277 4180
1 8639
1 5013
1 1188
0
2 5899 1504
0
2 3951 5639
1 6743
1 5093
1 7776
0
0
1 5533
1 5815
1 565
1 9879
1 8930
0
1 246
0
2 8752 3243
1 9255
1 3952
2 805 6834
2 6019 3025
1 6686
1 2105
0
1 729
1 6188
1 85
0
1 8573
1 8776
2 7636 2771
1 2918
2 9994 518
0
2 9972 3619
0
1 909
0
2 4380 5586
1 2687
0
2 6467 6053
1 8205
1 8114
2 3402 5345
0
0
0
0
0
2 6178 8498
0
1 4281
1 8967
0
1 8055
2 9906 4706
0
1 8429
1 7696
2 5836 3838
1 5361
0
0
2 2324 4471
0
2 962 2210
2 9704 4710
1 8246
1 8920
1 7056
1 4368
0
1 4433
1 2249
1 4645
1 4926
0
0
1 2621
2 1280 319
1 535
2 3610 6600
2 5153 8503
2 8391 4731
0
2 4127 7510
2 1400 3008
0
0
2 1744 2810
1 5882
0
0
1 4836
1 8385
1 7634
0
0
2 6870 2311
0
1 8618
0
1 926
2 2115 9417
0
0
0
0
1 9125
2 3233 9398
0
1 2608
2 2386 3832
0
1 4419
0
2 954 8357
0
2 4525 2990
0
0
1 5357
2 6147 1962
2 8219 2398
0
0
2 1301 9820
2 9300 1128
1 4394
0
1 6046
0
2 162 5386
1 2975
1 5012
1 7565
1 8876
2 5643 6118
1 8255
0
2 8740 9179
1 943
1 8970
1 8899
0
2 5881 5291
0
1 2718
2 651 4025
2 7846 8683
2 635 5945
1 3239
0
2 4169 8966
1 463
0
1 6795
2 3774 6488
2 5062 2660
1 8338
0
2 3035 5437
1 1941
0
1 7811
2 3343 4643
2 4601 6069
2 3543 6818
1 2199
0
2 578 8714
1 3054
0
1 1367
0
0
1 187
2 3232 2150
2 1487 4134
1 2526
1 515
0
0
2 57 7032
1 7689
1 9761
2 7002 9550
2 438 3063
0
0
1 7610
0
2 3843 9661
2 6221 8155
0
2 1916 3119
1 5366
2 2444 1625
0
1 8046
0
1 6079
2 7412 7085
0
2 5649 3758
1 5256
0
0
0
1 280
0
0
1 7911
1 1932
2 8929 610
1 4160
2 5347 8124
0
0
0
2 9759 554
2 2582 5148
0
2 5145 5870
0
0
2 5775 1814
0
2 2 8183
1 4185
0
2 7844 5234
0
2 7799 7918
0
2 701 9163
2 7593 9073
1 4722
1 8366
1 5322
0
2 9993 9461
1 3368
2 5484 5757
2 5450 6886
2 9913 8014
2 4398 7447
0
2 3349 7343
1 7929
1 6848
1 5689
2 7999 8488
0
2 1971 740
1 6042
0
0
2 1222 6139
0
2 2887 7179
0
1 6278
1 1878
1 9767
0
1 4608
0
0
0
0
1 3575
2 1352 2208
0
2 4953 8856
2 1376 7020
0
0
2 5716 589
1 6315
1 1452
0
2 5879 6254
1 8985
1 1953
0
0
1 5328
2 6626 4349
2 7417 6051
0
1 6397
0
2 117 1179
0
0
0
2 55 2342
1 5956
2 1371 5629
2 8164 2214
1 8454
2 6649 5007
2 8092 2168
1 5118
2 4013 8115
0
2 2196 1011
2 3090 9836
0
2 3971 174
2 2514 3489
1 4106
1 4028
1 2651
0
2 1974 4778
2 4590 6709
1 7955
2 3894 483
2 2627 35
1 4834
2 2479 5568
2 9456 1492
2 2024 8457
2 6367 6536
2 7126 4115
0
1 1185
1 4656
2 4826 5644
2 3956 6308
1 8075
1 5958
1 4494
1 5137
0
2 5217 418
1 9895
2 6489 7925
2 6070 9676
2 1166 3605
2 4773 8232
2 8073 6204
2 8754 2251
1 9098
0
2 6651 9286
2 9804 477
1 7656
1 1041
1 5310
0
0
0
2 9555 6947
1 5550
2 7207 5595
2 5152 8141
0
0
0
1 7364
2 2818 3274
2 7060 1088
0
0
0
1 8592
0
1 8450
2 4048 8562
1 7025
0
2 8063 4727
1 7583
1 5480
0
1 5566
2 8697 4858
1 9752
2 1912 427
1 3125
1 9937
1 7010
1 9513
1 7823
0
2 169 1302
1 9669
1 4783
0
2 198 2384
0
1 941
1 4607
2 2879 6438
1 5647
2 3444 9062
1 1305
2 3837 3432
0
0
0
2 6905 2737
1 7293
0
1 7888
2 6676 4413
0
2 5587 9049
0
2 3522 5615
2 229 8617
2 8437 1027
1 3083
0
2 8892 1399
0
0
1 6636
0
2 5378 2648
1 3869
1 2541
0
1 2213
0
0
1 2387
0
2 1374 2653
1 7997
1 7782
0
0
2 7759 1012
2 1077 4961
1 6624
0
2 1900 3764
0
0
2 4891 6314
0
1 3250
2 9633 2926
2 4029 5262
0
1 34
1 1090
0
0
2 1720 2382
0
0
0
2 3828 2097
1 3707
2 1653 9408
2 6448 9501
2 1823 6199
1 1838
2 424 5739
2 9683 2774
0
2 8408 9808
2 2808 9302
0
2 3623 4519
2 3041 5315
1 9308
2 3456 5112
1 2668
1 5988
1 7777
2 8716 7893
2 9531 6755
2 612 1256
0
2 6421 3428
0
2 428 7246
1 7934
1 3702
0
1 5444
0
0
0
2 8539 5704
2 1834 3126
1 3817
2 2597 1635
0
1 7566
1 8836
1 7039
0
1 3375
1 5479
0
2 8712 9494
2 9496 7674
0
2 1186 8497
2 79 1824
1 7815
0
0
2 3121 9491
1 6410
0
2 6436 8690
0
1 9816
2 1551 1590
2 9625 9791
1 7603
2 5017 3220
2 7740 9349
2 6011 8887
1 3586
1 6960
0
0
1 9949
1 7314
0
1 9774
2 4377 5455
0
0
0
1 1622
2 8485 4907
1 6866
0
0
2 9770 2922
1 3948
2 902 2670
1 3401
0
0
2 9250 7274
0
2 9415 5612
0
0
0
1 730
1 8103
1 4399
0
0
1 6553
0
2 3958 6571
2 8723 2285
2 4973 9011
0
0
1 8324
0
0
0
1 7479
1 5722
0
0
2 777 5471
2 7483 4577
0
1 190
1 788
0
1 5104
2 149 826
0
0
0
1 1133
0
1 8215
1 5436
2 4252 3796
0
2 8481 5227
2 9932 762
2 1364 5993
1 9702
0
0
2 5534 2181
2 933 6857
0
2 8149 37
0
2 4761 7086
2 4173 2006
1 6005
2 9587 62
0
2 3768 6966
1 9655
2 8575 8877
0
2 8347 230
0
2 7936 179
1 922
1 5161
1 7288
2 2659 5414
2 1431 3681
0
0
2 574 9181
2 6094 7550
1 711
0
2 2830 4679
2 5076 5823
0
0
1 387
0
2 1956 642
0
1 7896
0
2 9851 196
2 3369 1208
2 9723 1005
2 5670 9720
1 8725
1 7209
0
2 7186 5696
0
2 3713 8402
2 6016 4534
1 946
1 7419
0
1 4010
2 8957 6879
0
0
0
1 7587
0
2 3257 5461
2 5738 7373
1 1259
1 3116
2 9923 7089
1 2305
2 9337 7084
0
1 638
2 5892 4808
2 5289 7981
2 2408 2407
0
2 3434 9109
2 8527 4522
1 6137
2 9995 4246
0
1 8587
0
2 9090 8017
2 963 1086
1 8891
0
2 9148 4923
1 3923
1 399
1 5941
0
0
1 4630
0
0
1 9577
0
0
0
0
0
1 1568
2 4975 4914
2 6485 5961
0
1 1141
2 2055 9205
0
0
2 7216 5527
2 2850 6155
1 2433
1 1770
2 9107 6198
1 9766
2 2056 6337
1 3406
0
2 859 7383
1 6501
2 2863 7931
1 510
2 1506 2211
0
1 4540
0
1 1315
2 8072 3660
2 9564 5939
2 1701 1338
2 118 2917
0
2 1164 9085
1 8695
1 8622
1 5449
0
1 7591
2 2117 6932
2 7559 9441
0
0
0
2 7865 5439
1 4845
2 4718 4381
2 2203 9285
2 2717 8136
0
1 3455
1 6371
1 1523
1 4810
0
0
2 7518 1355
1 8699
1 7165
0
1 5316
2 7813 6640
1 9534
0
0
1 4569
2 1282 3191
0
2 7493 1672
0
1 6248
2 2723 1645
1 9092
1 1741
0
2 4191 1407
1 4472
1 6293
2 6933 5173
2 1585 8681
0
1 625
2 5224 4546
1 7882
0
0
0
2 1793 8049
1 4633
1 7229
2 4721 8975
2 4425 783
1 7347
0
1 1828
0
0
0
0
1 7109
0
2 2601 2109
2 6375 773
1 627
0
2 7349 8910
0
0
2 1269 4552
0
0
0
2 391 8417
1 2654
0
0
0
0
0
1 4881
0
2 8001 6229
0
2 7012 2894
0
2 6934 3701
1 22
2 2143 1474
2 9170 1497
2 886 3719
1 6735
1 2432
0
0
2 8969 3731
0
0
2 5249 8688
1 332
0
0
2 9971 522
0
0
0
1 7992
0
0
1 4077
0
1 2800
0
0
2 9024 9929
2 5304 6822
0
0
1 7226
1 4240
0
0
0
0
1 8314
1 285
1 7564
0
0
0
2 309 4686
1 3997
0
1 367
1 7736
0
1 9263
0
0
0
1 7307
0
2 6673 8602
0
0
0
2 6819 3625
2 8912 7371
2 5087 4336
2 2011 4708
0
2 5313 6876
2 1760 4126
2 9235 3426
0
0
2 305 1576
2 8197 6306
1 1665
1 5710
1 9709
0
0
1 1929
1 656
0
1 2982
0
0
0
1 1960
2 3081 3135
0
1 6096
1 8348
2 4269 7539
0
2 6767 6391
1 9778
0
1 278
1 1401
0
1 7519
0
1 7112
0
1 4395
1 3778
0
1 5199
1 2185
2 2604 560
2 8020 18
1 6847
1 2202
2 6445 1297
1 1997
2 1940 3388
0
0
2 4880 9863
0
1 1447
2 5896 4561
1 5693
2 3463 8931
2 2216 9508
1 9000
1 4357
1 8344
0
1 4503
2 7217 2565
0
2 3554 3677
1 1159
2 9127 7691
2 8858 5507
2 7621 2292
2 9924 9413
2 9948 928
1 1835
0
1 2896
1 5193
1 5241
2 7547 847
0
2 3741 9850
2 4151 8420
2 3786 3500
1 7684
2 1114 7791
0
2 3974 6133
2 1443 4617
2 3512 3717
1 6192
0
2 4276 9566
1 3228
0
2 9750 507
0
2 4456 6073
1 7722
2 8225 1753
2 1911 5946
1 5022
0
0
2 6992 7359
0
2 1398 3542
0
2 274 4701
0
2 1819 2035
2 8060 978
0
1 3389
1 2205
2 9857 7637
2 5142 7134
1 5744
1 2309
1 3962
1 8362
1 8278
1 3920
1 1682
0
2 4621 40
0
0
2 4291 6617
2 616 268
0
0
0
0
0
1 5768
0
2 6216 7108
1 4071
2 8416 8326
2 9740 795
1 4153
1 2425
0
0
2 6006 7529
2 6773 5756
2 2740 1348
1 4446
1 9706
0
1 5230
0
1 9727
0
0
1 3633
1 3017
2 3157 8163
2 3012 2108
1 5764
0
0
1 7549
1 828
1 2348
1 3168
2 9420 6190
1 208
1 7453
0
1 8259
0
0
2 4542 3568
0
0
1 7301
2 8459 6089
0
2 3316 6605
0
2 1991 9026
2 4932 679
0
0
2 9959 4218
2 9074 4935
2 692 195
1 1373
1 287
2 282 9722
0
1 5771
0
0
2 7717 1570
0
2 7416 2397
0
1 3863
0
1 1597
1 1440
2 2144 8726
2 512 3355
0
2 2556 2086
1 4831
2 536 8557
0
0
2 9147 4150
2 501 9567
2 727 81
2 6389 5038
1 8664
2 8025 7429
0
1 5830
2 794 1988
1 102
1 5735
0
0
1 6695
0
1 5732
1 3338
0
0
1 7991
2 6111 9344
2 5279 5342
1 484
1 4720
2 7923 6029
1 5524
1 9161
2 7608 6211
0
0
2 5950 3572
1 8857
0
0
1 3938
1 9835
2 7574 5392
0
0
2 5810 6566
2 6693 1652
2 5263 9715
1 1562
1 3292
0
2 8375 4008
0
1 908
0
1 1460
1 9355
2 6638 5255
1 5947
0
1 8257
2 4329 5131
0
1 9843
2 2069 629
2 1325 8580
1 7415
1 6163
1 3965
1 2586
1 1113
1 3439
0
1 602
2 2906 2236
1 7859
1 7663
1 4251
1 1759
2 3296 3486
1 1104
2 3161 956
0
1 5008
1 2009
2 6830 7730
2 5575 4452
0
2 5202 7295
2 9786 5914
0
2 5772 217
0
2 9762 5483
0
2 6805 2954
2 887 8274
1 9869
1 9805
1 7578
0
1 6403
2 649 7278
1 7014
1 4536
0
0
0
2 6783 9735
1 7008
2 4113 5777
1 4584
1 1544
1 2040
2 5092 6852
1 389
1 4553
1 1899
2 7341 9063
1 5829
2 5273 4977
0
1 1366
2 4171 6854
0
0
0
1 3466
1 9178
0
0
0
2 9201 5362
1 3352
2 7597 6432
2 1038 8775
1 5467
2 8482 6964
1 4104
1 6217
2 2519 6424
2 450 7993
0
1 8805
0
0
0
0
2 2373 9162
2 2780 9187
0
0
1 9012
2 171 4516
1 3167
0
1 9570
1 1409
2 192 981
1 6085
0
1 7967
1 8142
1 8651
0
1 6882
1 5489
1 9119
2 3405 8933
2 497 9647
0
1 6968
0
2 9877 2474
0
1 9861
0
1 5898
1 3315
1 9434
0
2 2822 459
0
2 5108 1903
1 191
1 9164
0
1 7062
2 8432 7437
0
1 6827
2 6788 8814
2 3422 1419
1 5335
2 7006 8888
2 8144 9733
2 6404 4250
0
2 2979 4556
0
2 3508 7261
1 5041
2 9371 476
2 2620 9459
0
1 94
1 1255
0
2 8146 8564
2 4976 4337
0
2 623 8396
1 9699
2 5126 8300
2 8280 2674
1 8299
2 8267 9168
0
2 3766 5065
1 4626
0
2 252 4404
1 5447
1 1017
0
2 3319 4200
1 6758
2 2356 7257
1 5766
2 7682 1152
2 6684 2333
2 8465 3785
0
2 3203 5107
2 4860 6607
2 4611 1390
1 8708
2 2048 8811
1 8845
0
2 255 6273
1 9234
0
2 2799 7149
2 7758 5819
2 9248 6120
2 4930 131
0
1 1565
1 2510
2 969 9988
0
1 4467
0
1 9378
1 801
1 7677
0
2 2259 5287
0
2 7046 9747
0
0
0
2 2690 9612
0
0
0
2 1767 9677
1 316
2 5369 4038
2 3886 1349
0
0
1 572
1 6396
1 273
0
1 7974
0
1 9455
1 8468
2 3354 2229
2 1521 658
0
1 860
1 8077
2 3258 304
0
1 1143
2 1333 4468
1 2073
2 5737 8901
2 1083 7336
2 9650 5095
2 4882 6787
0
0
2 8281 2104
0
0
0
1 693
2 4527 7396
1 6296
0
2 4073 9905
0
0
2 3376 8293
0
1 8156
0
2 3502 4130
1 3218
2 70 5154
2 9499 4212
0
0
0
1 9294
2 5519 1087
1 5063
1 1582
0
0
2 6291 5473
2 7078 2623
2 3562 4787
2 4392 8084
2 7652 2032
1 5929
0
2 9259 7222
1 6027
2 2330 977
0
1 5150
2 972 4700
1 9856
2 5516 5725
0
2 4895 6597
1 1886
2 442 5720
1 4408
2 2435 8312
1 3475
0
0
2 3111 7715
0
0
1 654
0
2 8926 6776
0
0
2 1130 4929
1 7463
0
1 5549
2 7163 5323
0
1 3077
1 4261
1 7451
1 9114
0
2 398 721
1 8128
2 3897 4119
2 1156 2501
2 3767 1577
2 431 3023
1 628
2 7898 2297
1 8096
2 3365 5553
2 5893 2057
0
2 797 906
0
2 8044 9350
0
2 4998 7446
1 1637
1 1369
1 5459
1 6766
0
2 9518 7356
0
2 8691 9015
0
1 9493
2 2669 4618
1 3146
1 8982
0
2 2742 1855
1 404
0
1 8813
2 1343 8956
0
1 3268
0
0
2 1266 5499
0
0
0
2 5046 3074
1 6129
1 8971
2 9359 584
1 2566
2 5056 4703
0
0
0
2 6751 2218
0
2 6826 5514
2 1833 8434
2 9845 9182
2 7253 5009
0
1 249
0
2 4906 9209
0
0
1 478
1 3711
0
0
2 6356 3379
0
1 1581
1 5859
2 973 5579
0
0
1 6189
1 3855
1 9829
1 708
0
0
1 7038
1 7563
1 1867
2 9616 3910
1 1754
1 300
1 591
2 2029 7702
0
1 9056
1 91
2 3736 3806
2 606 6425
1 764
1 1433
1 8680
2 1766 9691
0
2 8686 6433
2 61 6014
1 8322
2 8317 4209
0
1 9219
1 3593
0
0
0
0
1 791
1 4715
2 4409 6734
2 6057 4501
2 4744 7609
1 454
1 3627
2 2827 1569
1 4396
0
1 6739
1 8902
2 5908 9825
2 1277 4918
2 4884 6310
2 5216 3640
2 8315 2226
0
1 9692
0
1 7786
0
0
2 1326 9852
1 1554
2 9500 4421
2 1309 1796
2 1346 114
2 3188 3128
0
1 5010
2 4230 6171
0
2 9385 8558
1 382
1 8638
0
2 2270 520
1 5831
1 2712
1 6685
1 1198
0
1 8544
2 9668 5620
2 8080 8244
1 7088
2 1123 2883
0
2 6952 3237
0
0
1 5502
2 6497 4453
2 3289 4743
1 5650
0
0
0
2 2751 2631
1 2089
1 3275
0
2 8609 6196
0
2 3484 5626
0
1 8239
0
2 4374 3979
0
0
1 5769
0
2 3381 5094
2 2600 640
1 6565
2 6552 3634
0
2 5585 6680
2 5674 7895
0
0
1 4502
2 1307 9569
0
0
0
0
2 3507 7285
2 9117 637
2 2227 5648
2 2785 3446
0
1 6986
2 4818 8093
1 2702
1 7471
1 3067
1 5926
2 5600 1933
2 41 8584
2 3805 8260
1 7611
2 7959 8922
1 7083
2 17 1445
0
2 9392 5286
1 3935
2 877 7021
0
2 6953 622
0
1 9515
0
2 7000 1439
0
0
1 3925
0
1 8053
0
2 1703 1923
2 6656 8220
0
1 54
2 514 8702
1 5646
0
0
0
0
0
1 3225
1 3773
1 5683
1 6498
1 244
0
0
2 9397 4983
1 2485
0
2 5231 7720
0
0
1 1402
0
1 7212
0
1 3399
1 5424
1 2200
1 4256
1 5867
0
1 1774
2 224 5123
2 6514 6260
2 9438 2345
1 3248
2 1871 3737
0
1 9970
1 1319
2 4103 7649
2 7596 4736
2 3404 5804
2 7913 5837
1 8965
2 8374 1528
1 4034
0
1 4017
0
0
2 8258 435
1 4005
1 9807
2 6898 337
2 2528 2570
2 3724 8696
0
0
0
1 238
2 1432 9194
0
0
0
1 8341
2 6114 2283
1 8191
2 3049 6569
0
0
2 2640 861
2 5743 59
0
2 8363 139
1 4027
2 63 4354
1 3450
0
2 9658 857
0
1 666
0
2 2558 1377
1 8825
0
1 4144
1 6156
0
1 9156
0
2 5544 9792
0
1 1727
1 1311
2 2307 3068
1 6428
0
0
1 5418
1 3873
2 2237 7892
1 9339
2 2542 9716
0
0
0
1 7745
1 9565
2 7162 2130
2 993 8935
2 9016 8983
0
2 3380 5259
2 2090 6110
1 1438
1 6100
1 8660
0
2 8214 875
1 7378
2 6592 3793
0
1 4594
0
0
0
0
0
2 8071 4267
0
1 9096
2 107 9171
1 3830
2 8106 7137
2 178 1263
1 2438
2 5528 1657
1 8535
0
0
2 2178 5417
0
2 736 2783
1 4213
2 5088 5060
0
1 1704
0
0
0
0
0
1 425
2 308 4100
1 5477
0
1 2649
0
2 121 9204
0
2 1662 5697
2 8289 7802
0
2 7045 3628
0
1 2304
0
0
0
1 4390
1 6370
2 3469 4533
2 6252 615
2 8772 5167
2 3587 3753
2 1722 3078
1 7181
1 2209
1 7560
2 2151 5726
1 2732
1 3629
2 8302 9671
1 8570
1 5918
0
1 2106
2 5979 6722
1 2882
1 3673
1 6868
2 1861 945
1 5235
2 6132 8283
0
1 5601
1 6581
1 6459
0
1 5306
1 9711
0
0
2 2441 4457
0
1 9088
1 4326
1 1564
0
2 968 8649
2 4149 7268
2 748 3506
0
2 9507 2191
0
1 8272
2 7029 8625
1 505
1 4509
2 2973 6067
2 6338 1790
0
1 7316
1 6170
1 7232
1 9855
1 7989
2 3055 6539
2 2232 5582
1 7087
2 2400 6126
1 3346
2 9005 9904
1 532
1 7877
2 3310 1854
0
1 7755
1 7775
1 8742
2 5451 1702
2 2992 5698
2 7512 5301
0
0
2 1410 8949
0
2 4971 7390
2 3822 2655
1 3879
0
1 768
0
0
0
2 1676 7858
0
0
2 1225 4102
2 8475 1093
2 1628 1009
2 6312 6263
1 1395
0
1 3149
1 3529
2 3877 5236
0
2 7976 2374
2 7303 293
1 3728
1 3583
0
2 5044 7043
2 6851 8294
2 1051 8546
2 2343 5266
2 7709 6267
0
0
1 4228
0
2 1694 3668
0
0
0
2 4623 1184
1 8360
2 5931 5226
0
1 1102
0
0
1 9197
0
1 7964
1 6980
1 3934
2 7573 8235
1 8988
0
2 937 1745
0
1 5685
1 2736
2 5064 7872
2 1827 7613
1 1647
2 4314 8790
0
2 9453 4277
2 8596 2936
2 9563 3123
2 899 1802
1 7994
0
2 2951 4192
1 2999
0
2 321 5906
2 6889 3989
1 9057
0
2 3291 5807
1 7897
2 5540 4264
0
1 6823
0
2 4889 8125
1 8582
0
1 8837
0
1 1604
2 8152 272
0
1 9389
2 8462 120
2 6435 5821
2 7588 7886
0
2 1470 2864
2 9414 6663
1 8279
0
0
2 3715 5206
1 5972
1 5332
1 5733
2 8392 5346
1 8296
0
2 5828 1715
1 7810
0
1 6426
0
2 4224 3453
2 920 5576
2 7164 9274
0
0
1 4491
0
1 9535
0
2 8177 8960
2 9592 2431
1 6500
2 559 5169
2 8282 633
2 6262 6850
1 5340
0
0
1 6020
0
2 2646 4683
2 9549 1543
2 696 9881
1 1246
2 7582 4697
0
2 799 4518
1 6362
1 1483
0
0
0
2 8037 7980
1 2231
2 8002 652
1 1284
1 6243
2 2974 3448
1 5128
0
1 6759
1 9997
0
2 7551 3874
2 9568 9390
0
2 1183 2966
0
1 5960
1 1169
2 8994 3642
1 7954
1 6708
2 3548 7443
1 6250
2 9975 8731
2 4941 9701
0
0
1 1844
2 5974 5052
0
1 7366
2 58 871
1 2803
2 4508 1563
1 44
2 5381 1792
0
2 9686 6971
0
2 6832 2002
0
1 6713
1 5029
0
0
0
1 6804
1 132
0
0
1 6473
1 3351
0
0
1 1240
1 8533
2 9143 7949
2 266 4306
1 771
2 8579 6115
1 1719
1 3549
0
2 9846 6618
2 6231 76
2 3382 4835
0
2 1870 1149
0
2 137 6434
2 2544 7382
0
1 9956
1 3013
2 2414 2335
0
1 5614
2 8356 936
1 709
0
2 8521 3632
2 6635 9
0
0
1 9165
0
1 9440
1 4035
1 7686
2 2171 1250
0
1 9665
2 9401 992
2 1595 4462
1 7833
1 506
0
1 8963
0
2 1313 9755
1 3479
1 7095
0
1 5478
2 7231 3577
2 3977 8796
2 923 921
1 8028
2 9037 7487
2 2682 7766
1 168
0
0
0
2 720 410
1 8655
0
1 432
2 1690 767
1 270
1 5862
2 6265 698
0
2 8604 7313
0
0
2 2790 3400
1 3663
2 5228 2327
2 3340 4913
2 6028 544
2 8843 3075
1 1190
1 9303
0
2 7906 2045
2 5198 3674
0
1 4639
1 1477
1 9678
0
0
1 6812
0
0
2 3490 2739
1 8736
2 3957 4415
2 660 9788
1 2795
0
1 539
0
0
1 9920
2 9813 8161
2 6024 3153
1 5558
1 9047
0
0
0
1 786
1 7764
0
2 5157 3581
1 2448
1 2749
1 5596
0
2 78 3595
0
0
0
0
1 5556
0
1 1536
2 6890 808
1 7195
2 8467 810
1 1598
0
2 2731 4793
1 1468
1 8308
2 6732 3519
2 8572 2701
0
0
1 3317
2 5934 2462
2 8687 6731
0
1 4319
2 1633 8758
2 1717 1743
2 4082 9992
0
0
1 9539
0
2 106 7489
2 7952 9133
1 7875
2 8536 6711
2 5510 6182
1 4339
1 4384
2 1388 3781
0
0
2 1165 1789
2 4799 8126
0
0
0
0
0
0
2 2543 3545
2 9504 2093
2 6232 6899
1 2507
0
1 5594
2 8231 8698
1 1905
0
2 7604 151
1 4892
1 4154
2 6647 2276
0
0
2 1363 354
0
0
0
1 1454
1 1620
2 2365 9034
0
0
0
2 1994 1449
2 1413 6771
1 6749
1 4537
0
0
0
1 6598
1 5344
1 5798
0
1 8789
0
2 2639 2665
1 8167
0
1 2791
1 3723
0
2 4255 4483
0
1 4412
1 3996
2 2274 528
0
1 6215
0
0
0
2 3510 7215
1 741
0
0
1 1681
0
0
2 471 7513
1 6360
2 2781 7546
0
0
1 3231
0
2 4497 8345
1 2550
2 349 6374
2 9311 9334
0
0
1 5909
0
2 5692 5885
0
2 5129 726
0
1 352
0
2 7542 9666
1 1423
2 664 7197
2 2257 6361
1 4910
2 9457 7662
2 8413 4499
1 7752
2 9580 5525
1 2622
2 7353 6491
1 6205
1 9295
1 1883
0
0
2 2606 4383
2 1987 1241
2 5964 3449
0
2 7876 5275
2 6075 6373
2 6637 5464
0
2 7323 7455
2 2836 1205
2 4840 7331
2 8040 7939
0
1 8445
1 2536
1 6446
0
1 1529
0
1 8717
2 26 7297
2 6213 834
1 6261
1 4320
2 9969 2399
2 6825 6510
1 7665
1 1171
1 8627
1 8134
1 2182
0
2 7363 1578
1 361
2 3014 733
1 7650
1 9889
2 184 8880
2 6502 6585
2 9150 4636
2 9384 9651
1 6721
2 1650 5084
2 1033 7005
1 4960
0
2 7342 3276
2 1084 3470
1 28
2 5203 4817
0
0
2 3661 9582
1 3501
2 8624 7007
1 2012
0
0
1 2341
0
2 6583 4465
0
2 958 966
0
2 1108 6596
1 8166
1 7266
1 7107
1 9908
1 8658
2 9579 9674
0
2 3103 4056
0
0
2 2642 6175
1 2313
1 7889
1 6162
1 7187
2 836 3888
2 9530 1532
2 1163 3991
0
2 7632 8406
0
1 8484
0
0
0
1 5465
0
2 8861 9361
2 4221 5509
1 982
2 8594 9469
2 6380 7145
1 6168
2 683 5408
2 1157 47
0
2 88 9964
0
2 8057 1931
1 6409
1 2470
1 1006
2 6974 6059
2 4088 8608
1 5245
1 7140
1 5405
1 4263
1 8852
0
2 4548 753
0
2 7061 2262
2 8118 4957
1 4566
0
2 6926 7998
1 674
2 1969 7708
1 3010
2 8818 5080
1 429
0
0
1 4905
1 6422
1 7003
0
1 1945
2 8403 3390
1 7389
1 5637
2 4936 6829
2 2788 2036
2 8452 1890
2 9135 5469
2 5902 6298
0
1 2508
1 9631
1 6595
2 9136 6364
0
2 6092 2960
1 1733
0
1 3901
1 8701
2 6443 2420
2 201 5050
1 5201
1 1496
0
0
2 7703 2371
2 756 4564
0
1 4859
1 6270
1 6801
2 400 1547
2 4052 7284
0
2 7011 8052
2 5980 4375
0
1 3323
1 6154
2 7387 1957
1 5537
1 525
1 5915
2 8180 468
0
0
1 3393
1 7830
1 6524
0
1 5445
2 2549 8011
0
2 6793 8384
1 3306
1 4575
2 2415 8548
0
0
1 4672
1 3585
2 3019 3383
0
0
2 7333 8448
2 8305 1459
2 9511 6194
1 9351
0
1 9811
2 3477 4550
2 5701 2357
0
0
1 5031
0
2 8820 5463
1 6295
0
0
2 8472 2265
1 1329
0
1 8483
1 1943
2 8863 1091
1 3928
1 2174
0
1 4331
2 4980 4915
0
2 7015 4484
1 1995
0
2 2007 2392
1 1032
1 6417
0
0
2 1122 9713
2 2480 9976
1 915
1 9919
2 5880 7357
1 5221
2 9207 780
1 9116
0
2 2388 8724
2 3594 5412
1 4938
0
0
2 257 3513
2 8395 2123
1 1062
0
0
0
1 3104
1 7402
2 9831 9966
0
0
2 1201 6915
1 5913
1 4592
1 6772
0
2 3461 7206
2 9007 2907
1 4811
0
2 3272 3509
1 4511
0
2 2576 2138
1 8333
1 944
1 7110
1 7400
0
0
0
2 7146 2581
0
0
2 7211 6842
0
2 9780 9411
1 4109
1 7410
2 1803 6835
0
1 9688
1 6224
0
2 7719 5402
2 5593 5806
2 5433 8641
0
1 3443
1 3932
2 4902 3857
2 2967 676
2 5006 8116
1 3300
0
1 7630
0
1 2230
1 6864
2 9664 6914
1 2630
1 1601
0
2 9866 2077
2 1359 2042
0
1 7732
2 6430 4524
1 9184
0
2 4485 5563
0
0
1 4069
1 446
0
0
0
0
0
1 7970
2 4361 1781
0
2 7606 5132
0
1 2465
0
1 6740
1 385
0
2 534 2491
2 5051 1177
1 5784
2 1913 4909
0
2 2991 6633
2 6220 6230
0
2 1342 4156
0
1 697
2 9306 3022
2 6744 9642
0
1 9329
2 1360 8509
2 7239 6990
2 237 6144
2 608 4554
1 7238
0
2 3195 830
2 1540 3853
0
2 3286 1782
1 1204
2 9446 1954
0
1 8781
1 2884
1 7716
2 7908 8502
2 4597 8505
1 8237
1 716
2 7902 2483
2 9217 9544
1 7852
1 2725
0
1 2633
2 5839 7986
2 7744 1740
2 7052 8791
0
2 1030 5564
0
0
0
0
2 7527 555
1 3654
0
0
2 8423 2344
2 443 4924
2 1750 8662
2 1707 6797
2 9099 2861
1 6257
0
2 9749 2920
2 1583 2225
0
1 5844
1 1817
2 685 1139
2 5250 7287
0
1 9373
0
2 2585 9309
0
2 8032 4083
2 9328 6236
0
1 2644
1 433
2 8778 9053
0
0
1 5085
1 451
2 1641 3130
2 8287 8654
2 5910 8511
0
2 6184 5074
1 1080
2 4978 1811
2 9817 9673
0
2 1290 4874
1 5521
0
0
1 5491
0
2 3556 3468
0
2 4848 4974
2 1575 8516
2 1479 77
0
0
1 8795
0
2 2013 2010
0
0
1 980
1 4873
0
2 4492 4417
2 1655 8187
2 5229 2531
0
0
1 5635
1 9430
1 3064
1 1821
1 9345
0
0
1 1936
0
2 7448 5317
2 2752 9264
1 2728
0
1 3672
0
2 6677 9757
1 7310
0
2 2078 8676
0
0
1 7951
0
1 1295
0
1 6378
2 6116 1224
0
2 8193 7174
0
2 1525 4802
0
2 8510 3278
0
2 5949 7796
0
1 7909
2 7154 1308
1 4226
1 3162
2 912 7192
2 5890 9211
1 1696
1 256
1 2381
0
0
1 6318
2 5159 8542
2 8916 7322
0
2 4568 2891
0
1 1116
1 7558
1 7600
0
2 1815 838
1 8150
1 2934
0
0
2 4843 4984
1 9958
0
1 3212
0
1 8760
0
1 3040
0
1 2996
0
0
2 9547 38
1 6645
1 5481
0
2 9146 5303
2 813 4589
0
1 7348
1 1677
2 101 9269
2 8089 1172
0
2 6249 3420
1 5282
2 3676 2224
0
0
0
1 975
2 2671 5184
0
2 732 2081
1 320
2 7654 6662
2 3034 2261
1 7525
1 6392
0
1 991
2 7825 6988
2 3820 6275
2 967 5584
2 9104 9447
0
0
2 2866 556
0
1 1286
0
2 6664 7177
0
2 3180 8461
0
1 9462
2 4990 7818
1 3608
0
1 4763
1 6701
0
0
2 8739 2553
0
1 207
2 8611 8915
0
2 3922 1078
1 8185
0
2 8972 9796
1 6683
1 9739
0
0
2 2472 9557
2 5389 2589
2 4447 2689
2 9025 5211
1 6102
2 8433 3890
1 4581
1 9313
0
0
2 6958 895
2 7940 7001
1 6639
2 6704 6948
2 3308 6548
1 8122
1 6906
0
0
2 8170 4449
1 2306
2 6604 3301
1 2758
2 9717 9008
1 5438
1 6642
1 7073
2 1161 3712
1 7184
0
1 7705
1 1387
1 6938
1 9542
2 6873 7304
2 7935 9449
2 8704 215
2 6071 1481
0
1 8132
2 1621 3337
1 5141
1 9522
0
0
1 2059
1 9375
0
2 5759 2571
0
0
0
0
1 4717
0
0
2 7692 5488
0
1 3914
0
1 4856
2 1673 3134
1 6641
1 4232
1 9335
1 7885
2 6354 9941
1 6330
0
2 3839 8751
1 827
1 3775
2 1328 5330
1 9288
2 2624 6113
1 5801
1 8006
1 5100
2 2325 8470
2 4844 3142
2 2983 5116
2 2271 9795
1 1310
1 6030
2 2698 7480
0
0
0
1 9140
1 7247
1 6719
1 7721
1 1070
0
1 1420
2 6352 4653
2 6785 493
1 8986
2 3094 2445
1 7569
0
0
2 6961 4316
1 9362
1 3216
0
2 5036 8042
0
1 3288
1 1411
0
2 7362 3053
1 8319
2 8826 8991
1 348
1 9769
0
1 6519
0
2 2019 8226
0
0
0
2 6710 9783
2 4490 4947
1 1079
0
1 1973
0
0
2 6000 5538
1 7016
1 3504
1 6558
1 567
2 2403 6717
1 5847
2 9387 2303
1 1966
2 8653 1303
2 2195 5288
1 8768
2 4293 7676
2 1294 2495
0
2 6729 2763
1 8359
2 4962 9376
1 2346
1 9490
1 8382
1 2492
0
2 4014 4488
1 1928
1 8885
2 1891 9799
1 6105
2 8182 6559
0
1 2156
0
0
0
2 4480 6728
2 947 2087
0
1 2370
1 7921
2 3294 2124
1 8285
0
2 2619 8160
1 3780
2 6003 378
1 577
1 7942
0
2 2811 7398
1 1919
1 9428
2 2100 9028
0
2 9597 3899
0
2 500 5016
2 5372 4020
1 2874
2 43 5434
0
0
0
2 8525 9278
0
1 6259
0
2 1389 3748
1 7459
0
2 6546 7804
2 9036 8143
0
2 2962 3521
2 209 4002
2 1202 9220
0
0
2 6782 7829
0
1 911
1 5817
2 1596 2453
2 9765 7218
0
2 7904 987
1 7173
0
1 9998
0
1 7457
0
2 2015 7430
2 785 1630
2 8121 8446
2 2031 6798
1 1786
2 761 3591
2 1921 7690
2 1961 713
1 3579
2 4769 2358
1 6545
2 8331 3688
0
0
1 3353
0
2 9696 2899
2 226 359
0
0
0
0
1 2804
0
1 2016
0
0
2 368 4862
1 3326
1 8252
0
1 597
1 1807
2 9640 1291
2 4765 6521
2 5254 4989
1 7242
2 4833 9538
1 5204
2 9864 1619
0
0
2 1555 9629
0
1 9396
1 6212
2 6930 8099
2 6660 9524
2 6303 8553
1 7431
0
1 104
2 7091 5653
0
2 9330 9974
2 6272 8352
2 5977 7114
1 5253
0
2 6405 1428
0
2 7098 3601
1 7460
0
2 7966 7973
2 4790 3480
1 5610
2 3143 3887
0
2 2396 4681
1 1160
0
1 9203
1 5508
2 4011 2577
1 1761
1 6716
1 8250
1 3007
2 1385 7857
2 4766 9787
2 8793 3160
1 9103
2 7534 6946
2 4159 8990
1 8422
1 5770
2 960 3678
1 590
2 7930 7213
2 1270 6928
2 8924 5365
1 5246
1 6193
2 2498 4879
0
0
1 4582
2 817 8513
2 3756 5652
0
1 4829
0
1 9498
1 4523
1 548
2 4828 4001
0
2 7586 2037
1 5296
1 4387
1 4282
2 825 4101
1 9476
0
0
1 1375
0
0
0
1 1075
1 4605
1 4814
2 7178 343
2 621 7958
2 8962 2958
0
2 4257 7334
1 5083
2 4135 3686
1 4714
0
2 486 2629
0
0
2 336 1378
1 4944
2 6522 9155
0
0
2 2539 8744
2 7623 2023
0
1 1509
2 7982 2302
2 790 3045
0
2 5940 7346
2 9089 2773
0
2 3255 4024
0
0
1 2286
2 1446 8378
2 3433 1178
2 3105 4294
0
2 6679 6477
1 904
1 4355
1 4026
2 1794 9789
0
1 1593
2 8211 3005
0
2 996 1475
1 4927
2 214 7771
0
1 3762
2 2908 6245
1 6672
2 7784 3303
2 4436 2919
1 5511
0
1 4606
0
0
1 1927
2 2613 9154
0
2 9656 1728
1 2881
2 8817 3141
2 9245 232
0
1 8773
2 6575 3613
2 8984 3414
1 6725
1 9980
2 7377 3190
0
1 5546
2 2434 9512
1 1853
0
1 2173
1 1904
2 3088 6183
0
2 2569 3639
0
1 3520
1 7729
1 1664
2 9510 1602
1 8181
2 942 3020
1 5572
2 3505 8204
0
1 212
2 5486 9357
0
1 7945
2 5803 1679
0
0
1 2853
1 9066
1 9591
1 5394
1 3760
2 2026 4896
0
1 8661
1 6038
2 7418 9731
2 65 2456
2 6140 5580
0
2 8918 7916
1 7871
1 4647
1 5642
2 3113 7352
1 3287
2 9307 9280
0
1 2281
0
1 2003
0
0
1 1531
0
1 1607
0
1 5962
0
0
0
0
2 4576 1980
0
1 2220
2 988 1524
0
1 444
1 9527
2 4266 5794
2 1651 2915
2 2455 5302
0
0
1 4850
2 8743 7082
2 2128 957
0
2 4416 7439
2 7269 5782
1 2363
0
2 3798 2125
2 7106 9708
1 8330
2 125 2170
0
2 3815 3100
2 9609 5086
1 8565
1 4747
0
1 9931
1 6551
2 8549 7685
0
1 3864
2 1808 3644
2 6311 7315
0
0
2 3684 5440
2 5251 2693
2 1380 5971
1 3412
1 6730
1 4877
2 5751 4729
2 2255 7515
2 5822 792
0
1 8035
1 7832
1 7305
2 6289 5061
1 6297
2 8950 2968
0
1 8711
2 5761 4054
