10000 5000
3 3689 1521 5127
0
0
0
1 1659
4 3961 7478 4549 1622
1 3320
3 5741 9847 674
0
2 4020 2512
0
3 1401 4787 2011
4 4344 979 2307 433
3 6402 8560 5211
0
0
0
2 9126 7
3 1791 7069 2416
0
4 1301 8535 8904 4779
1 5647
0
0
2 7739 4239
0
0
1 3560
0
0
0
2 1728 4753
0
3 7626 4938 9825
0
0
4 6393 7709 6976 4326
0
0
2 3912 8442
1 8027
0
0
0
3 7386 4009 802
3 4416 486 1397
1 4074
0
4 7946 977 4873 6387
0
0
0
3 7054 3765 3154
0
0
0
0
0
3 641 9345 9848
4 3457 6737 274 2954
0
0
0
0
0
0
0
2 2616 6682
0
0
1 6214
3 4073 8261 1411
2 6539 5308
2 4283 4372
1 4784
0
0
1 6562
2 8464 3913
0
0
1 4879
3 2569 8817 3628
0
0
0
0
0
0
0
2 2622 3076
0
0
1 6887
1 2650
3 7806 2892 2547
0
0
0
1 755
0
0
3 2626 4589 3672
0
1 9454
0
1 3001
0
0
0
0
1 103
0
3 2376 9223 797
0
0
4 5961 9220 3052 7999
3 1061 9046 3468
1 8295
2 8929 7575
3 3804 3686 943
3 1480 8387 7912
2 4306 8072
0
4 5667 5465 1147 2481
0
0
0
0
0
4 9712 8516 9964 6901
0
4 9657 1007 6529 7920
0
0
4 4631 9885 4388 7897
0
4 9995 9662 6088 7231
0
0
0
0
0
4 6345 5328 9795 113
0
0
0
0
0
0
0
1 4955
1 8173
2 2933 4482
3 5560 4392 3337
3 7314 38 3633
3 5175 4837 864
0
0
3 6233 8548 3098
0
0
3 322 8663 4166
1 1287
0
1 4164
0
3 6507 2412 5061
0
3 3630 7156 3075
0
0
0
0
0
2 957 1396
1 9464
4 1399 1348 6698 9703
0
0
4 7094 503 1216 6432
1 4529
0
0
1 9397
0
0
0
4 4951 2340 2558 2196
4 5651 2652 8037 3081
0
0
2 6446 1260
1 5767
0
0
0
0
0
1 3446
2 3837 4752
0
4 7844 795 7192 7554
0
1 3934
0
0
1 7469
4 8081 2068 902 4248
3 9522 3262 8191
0
0
4 632 5216 4844 1512
4 4852 4962 7431 168
2 6918 8347
0
0
0
1 9643
0
0
0
0
1 2796
0
4 1048 6890 3753 5433
0
0
0
0
0
0
0
0
3 1997 4554 4091
3 4452 5315 5332
4 1407 5343 1913 2306
3 7213 4945 4246
0
3 6231 5000 7035
0
0
0
1 9636
0
3 1756 1057 3677
0
4 772 3311 2938 4053
2 9999 7793
0
0
3 5006 2689 1511
0
0
0
0
0
2 2717 2596
0
4 9774 9808 5118 4754
1 3485
1 3662
0
0
3 4737 6746 6541
0
0
4 7348 7109 8533 1150
3 4814 5111 5475
0
0
0
4 8601 4318 1174 2268
2 4534 5045
0
4 6482 7390 5618 8341
0
0
0
0
0
0
0
0
3 9336 5644 1402
0
0
0
0
0
0
0
2 9008 5435
0
4 8317 4956 2654 2186
0
0
0
0
3 7514 8375 9600
0
0
3 1559 1694 8428
1 4769
2 6922 8602
0
0
0
4 3003 1210 3759 2553
0
0
0
0
4 7321 9134 6044 5336
4 8534 5800 6187 7414
3 9431 5574 3923
1 1842
0
0
2 8824 7426
0
1 1394
0
0
0
0
3 1362 496 3209
0
4 528 5499 4477 4572
3 1774 7947 5606
1 9290
0
0
3 9440 1385 7974
0
0
1 203
0
0
0
0
0
0
4 8074 4422 9041 658
0
0
0
0
4 746 765 1571 7628
1 5926
1 3463
4 8189 6920 767 9704
0
0
0
4 2579 4958 3027 6307
0
3 3436 2856 260
2 3021 1140
3 7432 2045 8316
0
2 9228 8555
3 3072 462 8858
3 838 545 6971
2 5271 7440
0
4 4355 2531 832 3873
2 8456 5022
0
0
0
4 8641 2741 4436 3615
0
0
0
0
0
4 6779 1076 3883 5134
0
0
0
0
3 4810 7200 8737
0
2 6520 7060
0
0
0
0
1 1540
1 3592
0
0
0
0
0
0
1 2463
0
0
3 8984 5547 4729
0
0
3 4937 6255 3270
0
3 2707 3882 5669
4 7572 3959 2917 6962
0
0
0
0
0
3 3771 7297 3379
0
1 5344
0
4 9902 4249 9283 8062
0
0
0
0
0
0
0
0
0
0
1 4309
4 2093 8604 7397 9893
0
0
3 5911 9376 6438
0
2 230 6138
4 6773 1717 6221 3013
0
0
0
0
0
0
4 6896 8530 3328 3466
3 9507 6744 8627
0
1 1255
2 1590 794
3 9917 6855 1654
0
2 7332 8626
2 7235 1920
0
1 7906
0
0
0
0
3 3814 2152 2172
0
0
0
3 2529 841 9170
0
4 6270 3625 6326 8901
4 5990 6140 2949 9216
4 1535 8899 7581 3957
4 1551 3387 1748 3405
4 6641 9982 3146 9414
0
0
2 7251 7611
0
1 8376
1 3475
0
2 2572 6677
0
0
3 5790 4270 9181
4 4210 7544 7027 8409
0
0
0
0
0
0
0
1 7994
1 2162
0
0
4 1337 8102 6354 6688
0
0
4 1548 3746 4728 6383
0
0
1 1601
4 7783 1249 1953 7219
0
0
0
0
0
0
0
1 6826
0
3 9248 1835 1189
0
0
2 5541 377
4 2238 7797 9788 553
4 3428 8437 183 6905
0
3 7047 4135 906
0
0
0
1 3356
1 6259
4 8303 6062 4401 6022
0
4 7988 5232 4238 8617
3 2823 5235 7967
1 769
2 7574 3214
0
0
0
4 9487 2107 6236 1192
2 2077 3719
3 6084 5516 4490
0
0
4 7368 3572 9131 4960
2 7919 8292
0
0
0
0
0
3 3360 9867 4920
2 2674 5405
0
0
0
0
1 8239
0
0
0
0
4 3951 6742 4594 9135
1 5862
2 1336 5927
1 6836
0
1 6452
2 4580 1025
0
0
3 9868 8685 638
3 6759 3319 2114
4 5379 6334 4555 7606
2 285 3324
0
4 4893 7678 6519 6011
1 2428
0
0
0
0
4 3933 2286 352 3105
0
0
3 689 5219 2922
0
0
0
0
3 6611 5522 1400
0
1 1270
0
0
0
0
1 3476
0
0
0
2 8277 3856
0
0
0
2 3846 323
4 7769 2311 3827 759
3 4185 9677 9668
0
3 2577 1409 8221
0
1 8581
0
4 1472 9102 829 6442
3 5652 2117 3470
0
3 7349 8757 5042
0
2 6864 9940
3 7780 9472 6480
4 9340 6929 989 6275
0
0
2 7197 4740
0
0
0
1 3966
3 9404 1473 9959
2 1124 3618
1 8343
0
1 8780
0
0
0
0
0
0
0
3 9114 8651 1520
2 4780 9733
2 9116 105
4 5101 6730 2237 8673
0
0
0
0
2 6968 6215
1 5284
2 8329 4368
0
0
0
0
3 2141 6940 382
0
0
0
0
0
0
0
3 862 7890 9969
0
4 7461 2496 3511 3969
2 2991 4276
1 9757
0
0
2 2662 920
0
0
0
1 1476
0
0
1 6237
0
0
0
3 4673 2250 8537
0
1 2710
0
0
2 7827 4742
0
0
0
4 2361 3309 9854 4658
3 9176 7580 3280
4 1467 1072 1408 6607
4 4193 4628 1474 8474
4 9935 4245 3244 8211
0
1 9202
0
1 5124
2 6512 1175
1 741
4 3849 9227 9750 2853
3 7650 4143 1126
1 7274
0
0
2 8025 7810
2 3033 4442
0
0
2 8147 7556
0
0
0
1 7294
0
2 3574 4052
4 7531 1686 5400 4197
0
0
3 2631 4202 6129
0
0
0
0
0
0
0
0
0
0
0
3 4030 4440 8467
4 3683 9840 1095 9560
4 5014 7284 4336 4841
0
0
2 3980 6881
1 5275
0
0
4 3770 9082 842 4126
1 9921
0
1 2102
0
0
0
3 2762 1006 9333
1 3251
0
0
3 5827 4857 4333
1 8902
1 921
3 6844 7627 7293
0
0
4 6447 2840 4969 657
0
3 625 6012 312
1 7137
4 4314 2264 8182 5462
0
0
0
0
2 3167 1926
0
4 6795 17 2805 7760
3 3421 8843 1529
0
0
0
3 3335 1036 9947
0
0
0
0
0
2 4019 7679
0
0
0
0
0
2 5183 6961
0
0
0
0
0
0
2 1092 4813
2 8505 2971
0
0
0
0
0
0
3 8351 8434 9453
0
1 6408
3 6816 2304 8328
0
4 2421 7130 8106 2063
0
2 3504 8664
4 1271 6461 962 6789
0
0
1 2931
3 4099 1583 6063
4 1254 348 702 6196
4 193 9791 4075 473
0
0
2 1203 7923
0
0
0
0
0
0
0
0
0
3 7177 5307 3142
2 6271 9856
1 5521
0
1 1392
0
0
3 156 6069 8506
2 186 7887
0
0
0
0
0
1 3369
1 426
0
0
0
0
0
0
3 5632 5342 6173
1 8557
0
4 6617 7677 2462 530
0
3 1078 6021 5947
4 1211 5451 2913 7771
0
0
0
0
0
3 6800 7596 678
4 403 4338 2044 3825
3 6980 8794 243
2 4637 5114
2 3723 4015
0
0
0
0
0
0
2 1331 4475
0
0
0
1 6792
0
2 354 6400
2 1685 5193
3 3896 4353 6561
0
0
2 4340 8344
0
0
3 5442 4076 8498
4 1595 8488 5876 642
0
3 2826 387 2984
1 2432
0
3 5313 7727 3040
0
4 268 5337 8846 3415
4 5646 9057 2842 5302
4 10 4525 1451 8204
0
3 4349 5048 8655
1 7006
0
2 5458 3152
4 7247 5921 911 108
0
4 9165 6178 8215 5795
0
0
0
0
3 5850 2894 5312
0
0
2 803 6244
0
0
1 7410
0
0
1 1770
0
1 8708
0
0
0
0
0
4 317 7280 6729 2204
1 2502
0
0
0
3 1704 3247 828
0
1 2082
4 4790 8047 2124 4524
3 5659 2850 848
4 9534 7377 5979 5821
1 4220
0
0
4 2260 6299 8589 7584
1 2095
0
2 1247 5562
0
2 8501 4933
0
0
2 6717 6721
0
0
0
0
0
1 8084
0
4 8707 4411 4576 9267
0
0
4 5636 6415 349 112
0
0
0
0
0
0
2 2545 4253
0
0
1 7752
2 1927 9781
0
0
0
4 4820 9205 4936 3071
0
3 2254 6266 8738
0
0
3 5384 3824 7483
2 9068 7672
1 1854
0
0
0
0
0
0
0
1 1723
0
0
0
2 7676 4991
2 6124 8511
0
4 8052 7249 960 3681
2 6720 677
3 2240 5999 8030
0
0
2 8815 724
0
0
3 3287 1016 3545
0
0
3 115 9685 2527
1 6028
0
0
0
0
0
0
0
0
0
0
0
0
0
0
0
0
0
1 6456
4 4707 9798 7499 7699
0
0
4 9029 3946 7503 2036
2 1492 9206
0
4 5441 6397 4706 7074
3 2580 6110 6386
0
0
4 188 4771 9581 1729
0
2 7164 8897
4 2746 2635 8359 1011
0
0
3 8563 4429 860
0
4 779 2488 283 6379
0
0
3 1429 29 2904
3 7549 6566 7250
1 3316
0
1 5019
0
2 8603 2629
0
2 9027 589
2 9351 2173
0
1 5871
0
0
1 61
0
1 7354
2 8847 9490
0
0
0
0
0
1 1680
0
1 77
0
0
2 2203 3043
0
4 1515 4316 845 7782
4 7486 6195 66 9768
0
0
2 9277 5721
0
2 8752 7546
3 5806 574 1357
3 1890 6533 9144
3 5981 4457 6880
0
0
0
0
0
3 2829 751 4463
3 5476 6260 661
4 4939 7662 4744 1009
0
0
0
3 1410 7582 7943
1 8594
0
0
0
2 7661 2825
4 5703 2458 120 4180
0
0
1 149
0
0
0
2 720 4719
2 9296 8976
0
0
0
0
0
3 7151 9605 6614
3 4793 8265 4701
0
0
0
0
0
2 5125 804
3 2818 4758 4007
0
0
0
0
2 271 1311
0
0
0
0
4 1984 4066 3194 739
4 5173 3583 8491 6660
0
0
0
0
4 4005 735 7115 5623
0
3 2248 542 1169
4 7191 6325 1671 9588
4 7992 4051 4561 6439
0
0
2 9986 1431
1 1274
0
0
0
4 5783 6534 9159 2043
3 9002 3693 4662
4 9878 4537 9367 9443
0
1 2837
0
0
0
0
0
1 276
0
0
0
0
2 8672 5393
0
0
0
2 3058 1794
0
0
4 9382 4106 4877 7471
4 5743 3036 5376 6395
3 3171 5192 5898
1 4573
0
4 5695 1647 7915 5527
0
0
0
0
0
1 6174
0
0
2 7085 7772
0
0
0
2 8209 9535
2 3469 1527
3 6640 1273 9387
2 430 8170
0
0
2 3150 6032
3 6604 7605 8362
0
0
0
0
0
1 2925
0
0
0
0
0
0
0
4 5753 8086 8377 2872
0
0
0
2 4243 5826
3 1675 5084 4235
0
3 9118 7211 6247
0
0
3 3059 3785 8774
4 6067 7787 4201 9914
0
3 1706 3315 9095
0
0
4 2636 9035 2187 2742
0
4 4065 1800 2900 9478
0
4 2886 3310 2693 150
0
0
0
1 2452
0
3 5439 7352 1633
2 8961 9079
0
0
0
0
0
2 4108 3518
2 1432 5965
0
0
0
4 4512 4818 27 1582
0
0
4 6453 2607 5418 6388
2 1874 6132
3 6297 2959 3616
0
1 6950
0
3 756 7008 4383
0
0
0
0
0
0
0
0
3 1079 3947 8004
0
1 6722
1 3960
1 8912
3 2310 1502 222
3 4292 1530 8470
4 2980 3962 2099 4473
1 1605
3 6999 2599 9985
0
1 599
0
0
0
3 3163 1868 1372
0
0
0
0
0
2 2549 3508
0
4 4912 291 6427 5412
0
0
0
0
0
0
0
0
0
0
0
0
4 2280 7119 286 6935
4 8799 1070 3870 9988
0
0
4 2624 6904 4650 358
0
2 8231 8371
0
0
0
0
0
0
2 3317 7462
3 1167 5079 8715
0
4 9638 4615 8011 2212
0
4 3121 3277 2430 9549
0
0
0
4 6892 793 2226 6528
3 6368 966 5711
2 5762 131
0
0
0
0
0
0
3 1187 365 9942
4 2334 3448 6758 2282
3 4096 5833 9219
4 4978 5914 7550 5181
0
0
3 3204 8636 1243
0
0
0
3 8668 537 3968
3 2358 7933 4262
0
0
0
0
4 5648 7366 9249 8268
2 282 9187
0
0
0
0
0
0
1 9252
0
0
1 2788
1 2920
0
2 218 3312
0
0
0
0
0
0
1 4907
0
4 9716 8463 1428 7924
0
4 2834 2405 4974 4325
4 6330 1848 9020 6556
4 2170 5893 1426 9563
0
4 3030 6147 8730 4434
2 9051 4378
0
0
0
0
0
2 2666 159
0
0
3 6727 7866 5474
0
0
1 9137
0
0
0
3 2520 9598 3220
0
0
0
0
0
3 5515 8481 5576
3 234 7184 938
0
0
3 8797 3048 1097
0
0
4 6553 1992 6695 7216
0
0
0
0
0
0
0
0
1 5452
0
0
0
4 6563 3867 1262 1923
3 4608 8064 9241
0
4 9676 6687 3383 5635
0
3 8322 5593 4827
0
0
3 3624 9305 6448
4 7778 4902 3776 2377
0
0
0
4 3441 7734 5759 2846
4 7799 5254 8225 1430
0
0
0
0
2 5027 4656
3 8763 9690 2425
3 8937 5958 7941
1 6292
0
0
0
0
0
0
0
1 3377
0
3 6747 5479 2328
2 2292 4152
4 3432 7516 3362 9758
0
4 9147 9823 5934 5532
0
0
0
3 6411 405 9145
0
3 7733 5853 3852
4 6287 1264 7405 8479
2 8373 4801
0
1 2081
0
0
0
0
4 6990 9076 238 4483
0
0
3 1802 8112 5059
4 8203 5959 2833 5838
0
0
0
0
0
0
0
0
0
0
4 9810 7989 8123 9015
3 6238 2040 2936
0
0
2 3250 9906
0
0
0
0
1 2190
0
0
2 7168 5738
0
2 9897 1213
0
1 7245
0
0
0
0
1 4300
0
1 6799
0
0
1 4184
2 3375 7161
1 2314
0
0
0
0
3 5579 7148 5420
1 8048
0
2 3777 4778
0
0
4 8721 4412 1688 8816
0
0
0
0
1 9371
4 2159 5804 6703 9945
3 7448 8098 7383
2 6133 4766
2 7427 3798
0
2 9811 1281
0
4 6854 6435 624 3863
4 321 6646 7540 5346
0
3 3083 640 559
1 7133
4 3808 9182 6599 1199
0
0
2 174 5026
0
2 7303 3451
3 4390 5808 9979
2 5009 7689
0
0
2 5637 8753
1 1560
3 7340 3575 6630
0
1 5675
4 6780 6315 5601 8889
0
2 5415 4489
1 63
0
0
0
0
0
0
0
1 3298
0
0
2 3645 9121
0
0
0
0
0
1 5410
0
0
0
0
0
0
0
0
2 9327 2962
0
0
0
3 6053 3203 3175
1 3889
4 7375 4203 5626 3291
0
3 4824 4601 5007
0
3 5029 9564 9799
0
0
0
0
4 6014 3976 6300 2075
0
0
0
0
0
4 1029 4485 2541 8802
4 737 3176 2617 4775
3 374 4295 1379
1 6013
0
0
3 8315 9069 2595
0
0
2 9467 8879
3 7143 9838 7118
0
0
0
3 4462 548 6823
0
0
0
0
0
1 5819
0
0
0
1 2423
0
0
0
4 6223 8731 5996 2761
3 9363 1306 6882
0
0
0
0
4 7889 1489 8612 5984
0
0
0
4 1280 7621 3819 9603
2 6310 1153
0
0
0
0
2 1231 5565
4 5844 8863 9936 9172
0
1 5076
0
2 8814 573
0
0
0
2 4123 3407
4 8075 1341 4720 5904
0
1 9141
0
2 6725 1180
0
1 5994
0
0
3 432 7404 610
4 3564 9955 5351 7637
4 851 5885 6794 4299
0
3 1513 208 5917
0
0
0
2 6694 2874
0
2 9806 9294
0
1 5597
1 1028
4 2419 9843 6933 4487
0
1 5432
0
0
0
0
3 1655 3997 5459
0
0
2 6564 4315
0
0
2 2645 8406
1 3613
3 177 6120 2583
0
3 7823 6860 34
0
0
0
2 7019 7668
0
0
4 3327 5638 9119 8973
0
0
0
0
3 3610 3965 9389
2 492 7567
0
0
0
0
3 8096 5533 1965
0
2 3295 3019
0
0
0
3 109 3155 6235
2 8446 3113
0
0
0
0
1 7738
4 5272 9531 182 7204
1 7673
0
0
1 2690
0
4 2362 3329 3541 2007
0
0
0
0
0
0
1 7096
0
2 1715 3411
0
3 5378 4425 9193
0
2 4469 6475
0
2 6946 2446
0
4 8966 5897 1975 1942
1 1387
0
0
0
0
0
0
0
0
0
1 1046
0
0
3 7238 2953 1050
1 9056
0
0
0
0
0
0
0
0
0
0
1 4265
0
0
0
0
0
4 2513 7970 6280 1350
0
4 7495 8859 4208 4183
3 1289 5794 8547
0
0
2 1819 6653
0
0
0
0
2 5951 6485
0
0
1 1088
0
0
0
0
0
0
0
2 1268 1996
3 1853 3213 3366
4 620 3671 8528 1224
0
0
0
2 3467 8244
0
0
2 7592 2675
3 1447 6766 4371
0
3 6806 835 3493
0
0
0
0
0
0
0
4 3802 646 2789 9435
0
2 1838 9052
4 2118 1163 7160 1173
0
3 9786 5004 4667
3 6930 7476 6885
3 8188 8010 9253
0
1 450
2 4384 2611
0
0
2 3843 956
1 6889
0
1 521
0
0
0
2 9097 9085
4 215 6264 3238 904
0
0
0
0
0
2 4947 2409
4 9309 8887 2323 3830
0
0
0
3 5030 6870 3606
0
0
2 5998 129
4 7207 86 1125 93
3 7511 9420 5949
0
3 2206 1677 8716
0
0
0
3 2684 8665 1721
0
0
0
0
0
2 1185 941
4 9647 7167 7443 4400
0
0
1 2398
0
4 571 8680 7463 4853
0
0
3 6179 3497 2511
0
0
2 7098 6812
2 9300 9775
0
0
3 3688 7635 2730
0
3 2723 6224 976
0
1 8675
1 5809
4 7836 7171 2155 1389
0
0
0
2 1771 4264
1 6057
0
3 6772 4103 2861
1 2209
0
2 1841 1277
0
0
0
4 1636 3410 4257 3218
3 5121 7966 4362
4 2104 254 7560 8378
3 1859 8579 8285
0
0
3 5938 9018 8977
0
0
0
0
0
2 1701 8006
0
2 9291 6584
3 4887 6616 6381
0
3 2871 4149 6704
0
0
0
0
1 4259
2 9967 1299
0
0
1 9533
0
0
0
0
0
0
4 284 3259 172 2811
0
0
2 8934 9038
0
0
3 407 3706 6875
1 2986
0
0
0
4 8870 784 8758 2168
3 5455 9155 5051
1 3164
0
0
0
0
0
0
1 1944
0
0
1 1949
0
0
0
2 8389 2835
0
0
0
0
4 7642 3668 4116 9262
0
0
0
0
4 1456 662 6843 8660
1 7146
3 7163 3998 6102
0
0
3 6285 4054 3535
0
0
0
0
2 121 3460
1 3991
1 9481
0
0
0
3 2994 4461 8477
3 7244 4396 2843
0
1 9574
0
0
0
0
4 5071 1951 6651 6404
1 7189
0
0
1 8264
4 855 8380 5359 5289
0
0
4 1002 4705 2815 106
4 2365 4027 5324 5038
0
0
0
0
0
0
0
1 3396
0
4 2738 431 7694 9989
0
2 4992 5480
0
0
0
4 5607 3117 4083 3516
3 8190 7885 9060
3 1964 6373 3133
0
0
0
0
4 6815 5430 40 4718
0
0
0
0
0
0
1 8033
2 9735 5136
3 8836 397 7296
4 8845 7023 8127 5846
2 5013 2372
2 2302 4702
0
2 8076 3112
0
3 4659 1735 8099
0
1 3089
0
3 3343 6786 8998
3 3078 6344 7899
0
0
0
3 7721 6113 6249
4 1615 3551 3064 5113
0
0
2 8136 4722
0
0
0
0
0
0
0
2 2590 853
0
0
0
0
0
1 7043
3 1259 3492 2715
0
0
0
0
2 3418 5941
0
0
0
3 6713 2906 2278
0
0
4 2437 2683 5662 9266
0
2 1885 6867
0
2 6665 6835
0
0
0
0
2 7874 9339
0
0
0
0
0
3 5360 5180 5411
3 1352 7399 2436
0
4 4443 522 9017 158
1 2148
3 4540 1160 716
0
0
0
0
1 9122
0
0
0
2 8957 5326
0
0
0
0
2 5549 7394
0
0
1 9152
0
0
0
0
0
1 2183
0
0
0
3 1958 7535 2544
0
0
0
0
0
0
0
0
1 7389
0
0
1 256
0
0
0
4 556 2243 47 3289
2 3578 5619
4 1295 6462 5582 8771
1 7613
0
0
0
0
2 3276 6849
2 6973 9517
1 297
0
1 8174
3 9005 4279 7083
0
4 4803 5037 4862 3593
2 2369 9782
0
4 1976 6732 5631 949
0
0
0
0
1 935
0
0
4 6733 1952 7838 8183
0
2 7883 1830
0
0
2 4275 5649
0
0
0
4 2438 4085 2301 4610
0
0
1 5723
1 7176
0
2 6628 9120
4 7075 3565 8459 8990
4 7875 5345 7505 4791
0
2 8873 4432
3 4439 4280 6219
0
0
0
4 2245 240 2009 4382
0
0
1 3192
0
3 1313 6153 6853
0
0
0
4 6458 2062 9822 7617
4 9827 3477 2441 4437
0
0
0
1 7909
0
3 7770 4872 5398
0
0
0
2 7429 5245
0
3 4255 8871 8151
0
0
0
0
0
0
4 224 9586 2642 7357
0
0
0
2 7396 5229
2 9452 3576
1 2410
3 8418 1710 9485
0
0
3 7195 1618 2191
3 6723 3972 2275
3 5531 9905 80
0
1 4165
0
0
0
0
1 5212
4 502 4598 5431 3233
4 5109 4070 1214 3323
0
3 5970 2947 4761
0
2 9433 7320
1 5188
2 3228 5622
4 7702 5831 6876 9175
0
3 3811 3937 5529
3 6423 8385 3472
0
0
0
1 3151
0
4 2080 5769 5368 4724
4 8610 9346 6878 9749
0
4 7995 7790 6542 7004
0
0
0
0
0
0
0
3 8810 3524 709
0
0
0
1 9630
2 6156 1333
0
1 45
0
0
2 913 6859
0
0
0
0
0
2 1564 9
1 1190
0
0
0
0
1 1967
1 7607
0
0
0
2 295 3637
0
4 520 4014 7484 3305
3 2065 8978 3434
0
3 7711 653 2733
2 6353 1713
0
4 7532 4596 2533 2627
0
1 1388
0
0
1 3931
0
0
2 1902 9109
0
0
3 7258 4120 6111
3 8571 4996 5751
0
0
0
0
0
0
0
1 2655
4 1673 9040 695 8281
3 2335 6109 8573
4 5200 4028 7901 5891
0
0
2 932 8886
1 9993
0
3 6510 2178 6716
0
0
0
0
0
2 1779 7134
0
0
0
0
0
0
4 5276 8596 2443 7042
0
3 9829 3749 3406
2 8639 2041
2 4335 7217
3 83 1850 1732
4 5184 459 5483 7323
2 4764 6726
0
0
3 4498 8710 819
0
4 4024 2613 7226 3812
2 8486 7313
0
0
4 4733 9761 3424 7751
0
0
0
0
3 1371 5055 6318
0
0
0
0
0
2 8455 9065
0
3 2770 2125 2950
0
0
1 6652
0
0
0
0
0
0
0
0
0
0
4 43 6959 9162 4104
0
0
4 9623 9987 5594 6753
0
0
3 2692 5461 1154
0
3 3611 2716 671
0
0
0
0
4 5335 447 8643 3743
3 5223 7955 7829
0
0
4 5041 7610 3858 4308
4 5187 3844 967 5765
0
4 6636 6358 1561 7430
0
0
3 7122 7598 4375
0
0
2 7494 3707
0
0
0
0
3 6429 4179 2192
0
2 5110 2346
1 7182
1 1817
3 1227 7708 7470
0
0
4 6229 2048 8130 2927
0
2 4343 582
0
3 5739 9663 3371
0
2 9062 6175
0
0
4 3368 6274 4785 4743
0
0
0
2 8761 5322
0
1 1014
0
4 4040 2101 7954 8272
1 4679
0
0
2 8245 4133
0
0
2 6771 5436
0
3 5164 9154 419
0
4 959 5189 4274 2753
4 5872 587 3754 5386
0
4 4863 5877 5456 6350
0
0
0
0
4 6914 1369 7449 2232
4 7304 7070 5666 6547
0
0
0
0
0
0
0
2 9555 7234
0
0
0
3 6015 4230 1425
0
1 6847
0
0
4 4456 6936 2052 8108
0
0
0
0
0
3 197 3788 1217
0
0
4 1143 9973 3517 6874
0
4 8500 863 8532 1824
2 4709 9036
0
0
0
2 9278 9747
0
0
3 4134 8526 7230
0
0
4 7500 4935 5171 6738
0
0
3 8776 1197 3193
0
0
0
0
1 7465
4 9303 1464 380 4918
0
0
4 379 3000 5625 4672
0
0
0
2 7379 5953
0
0
0
3 6605 7105 5708
0
0
1 4095
0
0
0
3 8275 6407 418
4 6093 7868 900 7326
1 7821
1 6623
0
0
0
3 6741 1617 9319
0
4 6486 95 857 4059
0
0
4 51 7301 9127 8485
0
0
0
0
0
1 25
2 8149 6352
0
1 1974
0
4 9416 9557 1793 1086
0
1 4727
3 595 8568 5566
0
3 1148 1494 8185
0
0
3 6367 5517 6992
0
0
0
2 3292 308
0
3 1866 2521 9461
3 3651 879 6204
4 9544 1594 5807 568
1 9939
0
2 2713 2639
0
0
0
2 9444 2912
0
0
4 4175 4582 1901 6915
4 6281 6420 8089 7948
0
3 738 7925 6464
0
0
1 8475
3 4981 3908 1589
0
4 6045 5115 2270 5186
1 519
0
2 5939 929
0
0
0
4 6070 924 2459 6128
2 8670 399
0
1 3642
0
0
2 1395 5064
2 2171 634
0
1 606
0
4 508 684 5444 3070
4 8445 8017 1487 5362
0
1 6291
4 6942 1738 7767 7080
0
0
3 6897 5627 8198
0
0
0
0
4 3924 1666 6689 5653
3 65 7261 2764
0
0
0
4 2378 6524 4550 1168
1 8023
0
3 5040 1808 7791
0
0
0
0
0
0
4 4808 2640 4194 2873
2 1047 6893
4 1258 4450 3762 2664
0
0
1 7372
0
0
3 4451 6483 2946
3 7141 5895 9732
0
0
0
0
0
0
2 5634 334
3 8942 2777 5085
0
0
0
2 290 5347
0
0
0
0
0
0
0
0
0
3 9234 1033 5502
4 7643 3388 4358 1565
1 3010
4 2804 4207 3136 1403
1 3189
0
0
2 2851 7333
3 826 3943 9213
0
0
0
0
0
0
4 8616 895 5860 7900
4 664 7830 1765 6666
4 5682 5589 9672 5331
0
4 6879 9495 4086 3077
0
0
1 9928
0
2 1639 3573
4 6189 5628 2783 9406
0
3 9651 4003 4980
1 8001
0
0
0
0
0
0
0
0
1 4448
4 627 5848 8105 7746
3 2136 4849 6955
0
0
0
0
0
0
0
0
0
0
0
0
0
3 2105 6710 2957
4 7436 7796 7524 5126
0
0
0
0
0
1 754
0
0
3 6783 1840 1340
0
2 2757 4835
1 925
0
0
1 1051
0
0
0
0
3 2279 6591 2387
3 3587 752 8806
0
0
0
1 2924
0
0
0
0
3 1102 1146 1847
3 5612 7566 8524
0
0
3 3579 4145 3322
0
1 9214
4 7573 4341 3742 2803
3 1052 2863 5613
0
0
0
0
0
0
0
1 3795
0
3 7215 9565 2296
0
2 7599 7418
0
4 1499 8829 1766 607
1 673
0
4 8324 1954 4405 1725
0
4 7728 9576 3641 7088
0
3 4746 8733 1142
0
4 9160 9298 6413 1043
0
2 8578 2269
0
0
2 3143 1648
2 7391 8318
2 8369 125
0
1 7034
0
0
4 1893 1640 8154 7519
3 4322 476 5747
0
0
2 2363 2966
3 1585 4795 135
0
0
0
4 846 2939 9767 2594
3 7869 546 9619
0
0
4 654 1130 743 6116
0
0
4 50 6142 3938 98
0
4 2641 9558 6455 9470
0
4 1580 7523 3726 1353
0
0
0
1 5512
0
0
0
3 7233 6693 1246
0
0
3 6272 6869 4350
2 5988 2934
2 4915 9048
2 5050 3666
0
2 9901 4602
0
0
0
0
0
0
2 6436 2297
0
0
0
2 9360 5389
0
0
0
0
0
4 591 2839 1757 7203
0
0
3 9709 7808 5889
0
0
0
0
4 9738 1660 2667 2793
4 7040 9797 8919 5010
2 869 5733
0
2 3757 1123
4 5559 5151 7299 3861
3 3254 2870 5749
0
0
0
2 9692 7803
3 9019 151 4084
0
4 9399 3364 4252 2388
0
3 2961 1670 2918
0
2 3069 1242
1 9344
0
3 2450 8269 8687
1 277
0
0
3 1252 3350 4930
0
0
0
0
0
0
0
3 6469 527 3417
0
0
0
1 8849
2 9066 8653
4 2828 3248 8682 8345
0
0
0
1 4041
0
0
0
2 3007 1915
2 682 8842
3 7926 4878 6412
3 2160 8273 8943
0
2 5874 3900
1 5676
0
4 5633 6052 8195 1708
4 581 6443 6476 252
0
1 5887
4 3107 7073 3869 1702
4 7609 1857 1905 8722
0
0
0
0
0
4 3935 547 4623 6582
2 4759 7939
0
0
1 8922
0
0
1 6673
0
0
0
0
0
0
0
2 316 4886
4 5416 3660 8046 5122
0
0
1 5078
0
2 789 8974
3 2864 5540 1941
0
3 2656 1361 1368
0
4 6158 6545 7376 4256
1 410
0
2 6073 1743
0
2 8230 2601
0
2 3673 9115
3 7128 6206 4588
2 6123 1077
2 7385 2587
2 2671 8793
2 9063 7279
0
0
0
0
0
0
0
0
0
0
0
0
0
0
0
0
4 5752 3823 185 7125
1 6506
0
4 8598 6380 8920 6691
3 6162 3712 3122
3 4551 4670 3231
0
0
4 2750 8515 9508 7175
1 161
0
0
4 1498 1827 292 3881
0
0
1 6626
1 836
2 9477 7683
0
0
1 2277
3 1656 1652 2571
0
0
0
1 2752
0
0
0
1 1657
0
0
0
4 1135 3079 3284 5570
2 6137 8614
4 1858 39 1805 2830
1 4464
2 6567 3855
0
0
3 8828 32 5297
0
1 5705
0
0
0
0
0
0
0
4 9778 12 4244 7276
3 8748 7101 5992
0
0
0
1 9790
0
2 6041 3806
1 4946
0
1 8061
4 7882 1505 786 7381
0
0
0
4 5851 1065 8465 7865
4 809 9860 235 6203
0
0
0
4 5005 9209 880 9754
0
3 6982 2298 4914
4 2999 999 6394 1359
0
0
1 20
1 636
1 3169
1 8822
2 6770 614
0
0
0
2 1751 6762
0
4 272 2492 3029 3286
0
2 5402 8944
1 9480
3 5031 2486 7877
1 3787
0
2 870 555
0
0
0
0
0
0
0
0
0
1 7473
1 8877
0
0
1 5801
0
0
0
0
2 4611 7089
2 2923 3168
0
4 5493 2475 2663 6587
4 1550 8782 7170 1398
0
1 1646
3 6731 5329 7512
3 4553 710 7740
3 3252 198 2464
1 2518
0
0
0
0
3 4058 3491 5108
0
0
0
0
0
0
3 6188 3037 301
0
0
0
0
0
0
0
0
0
0
0
3 4982 2266 8785
0
2 9488 1553
1 2941
0
1 7978
4 9401 1198 3336 1978
0
0
1 790
2 8729 5104
0
0
4 6735 6468 7851 1623
0
0
0
0
2 2006 4286
0
0
0
0
4 564 7604 5689 2406
0
0
4 4258 4171 329 2880
4 6900 7003 5334 8965
0
0
0
4 9289 685 9386 9794
0
3 2731 969 7058
0
0
0
0
3 1781 5421 7283
2 3612 1360
0
3 6054 1968 706
0
0
2 1661 385
0
0
0
2 5793 9047
0
0
0
3 2740 7126 7422
0
0
1 9133
1 7475
0
4 9329 5805 9271 2352
0
4 2354 5100 594 6059
0
4 4838 6450 136 4612
0
0
1 8146
4 8803 2479 6577 5777
4 2408 7916 7979 132
0
0
1 2145
0
2 5369 2697
0
0
0
0
0
0
0
2 1851 8525
0
3 9701 5722 2482
1 4305
0
1 8175
0
0
4 4736 773 1696 8765
2 5680 8169
0
0
4 9908 9681 3713 9482
0
4 8228 901 1568 7373
0
3 2982 9907 8422
0
0
0
0
0
1 9980
0
4 8060 9022 9927 4163
1 7809
0
1 2532
2 164 8881
0
4 8778 8686 5277 4419
0
0
4 821 707 8053 9511
0
2 8122 6820
0
0
1 6768
0
0
0
0
0
0
0
1 6831
1 8002
0
3 5213 1960 5380
2 7355 6825
2 3211 2807
0
1 485
0
0
0
3 491 2919 9518
0
0
0
0
3 176 691 8259
0
0
3 6642 8925 9281
4 5590 806 6077 6595
0
3 9666 7174 4712
3 6298 4749 5561
0
0
0
2 7341 6845
0
0
0
0
0
2 8712 6405
0
0
4 173 2677 3932 3939
0
0
4 4995 82 2029 6974
2 4897 1962
3 8853 5530 4268
4 4908 4441 5987 8699
1 8658
0
2 3049 4944
0
0
0
0
0
0
1 3981
0
0
0
0
1 162
0
2 4634 8684
4 6993 2111 315 3266
0
2 7065 1114
0
3 3581 9646 549
0
0
0
3 6001 523 3011
4 9256 6100 6092 351
0
1 6155
4 5972 5208 1620 5286
0
0
0
0
0
0
0
0
1 90
4 6958 8851 6090 7256
2 9760 4840
0
4 7614 2177 8448 7693
2 623 4587
2 7419 157
0
3 6151 5706 3422
3 1354 4717 3888
0
4 133 6426 4693 391
0
2 8425 4597
0
0
4 9013 9933 6708 516
0
4 3303 1463 1790 2447
2 2623 810
4 2858 2397 7969 2246
0
0
0
0
0
1 3690
0
3 9664 340 1458
0
0
4 6406 4217 8566 6487
0
0
0
0
1 1986
1 7425
2 1519 8770
2 9498 4757
0
0
4 6736 4624 9049 5231
0
0
0
0
0
1 9028
1 665
0
0
2 9301 2108
0
0
4 7347 6055 4122 1103
3 4497 7634 9412
4 7446 4796 8819 1449
0
0
0
3 1591 7785 5962
0
3 5500 1973 6986
4 6514 8355 9280 2213
0
0
4 2736 1241 2012 6277
0
0
0
4 7551 9037 2911 5852
3 424 1133 5902
3 3661 2367 3885
0
0
0
0
4 8583 1134 6536 4641
0
1 2038
0
0
0
2 561 4407
0
0
0
1 8233
1 7834
0
2 2578 9087
0
4 6593 4694 5931 200
0
4 3716 7275 9473 8150
3 9442 5900 1939
0
0
0
0
0
0
1 5519
0
0
2 9445 9021
1 9830
0
0
3 6082 7763 4961
1 6633
4 8020 2071 6705 552
0
1 982
0
4 6680 7281 2570 4222
4 2374 3898 9338 9261
1 1138
1 8144
0
1 8985
0
0
0
0
0
0
3 8308 579 1703
0
4 6975 9117 6099 4301
0
0
0
4 6884 8917 1098 3927
4 8517 1972 6288 7344
0
0
2 3528 9370
0
4 2379 4156 4213 2883
0
0
0
0
0
3 8365 1503 7723
0
0
0
0
0
1 4888
0
1 4199
0
0
1 8302
4 6107 3381 1928 6570
4 1990 9896 9884 3445
0
0
0
0
1 9259
1 2540
2 2893 1999
2 1365 7319
4 1727 2605 199 4022
0
0
0
2 6253 8994
1 4307
3 3125 7387 5789
0
0
0
0
0
0
0
0
0
1 5599
0
0
0
1 255
2 7401 1384
4 1681 5217 9648 2078
2 1803 6166
2 6658 2127
3 9669 9410 2368
0
0
0
2 72 5544
0
1 9466
0
0
0
4 482 4865 1207 35
0
4 7904 2247 3791 4751
4 2182 4880 8156 1950
0
0
4 8159 7564 9755 6521
0
0
4 5225 9762 4468 8289
3 4846 6210 4859
0
0
0
0
0
0
0
0
0
0
0
4 2037 4002 7051 5894
4 2700 1209 5504 242
4 3401 514 4546 6002
0
0
0
0
3 7388 8253 8427
3 3068 7044 1856
3 3144 3257 4901
0
1 7619
0
0
0
0
4 2608 6409 570 3212
0
0
3 6917 487 6376
0
0
1 9313
0
0
4 4696 5727 526 8801
3 9250 7317 7322
0
0
0
0
0
0
1 816
0
0
2 4410 5964
0
0
0
1 3342
1 8390
0
0
0
1 303
0
0
3 3051 9816 4959
0
1 1925
0
0
0
3 2129 917 6964
3 126 8384 4603
0
2 1457 3433
0
0
1 4144
3 471 8469 6000
0
3 3038 7181 477
0
0
0
3 694 5859 972
0
2 2228 6323
0
0
2 1120 5202
2 5731 5928
1 9851
2 2350 8520
0
0
1 7000
0
1 9725
0
2 9728 7557
4 2224 8620 2694 341
0
2 9044 1316
0
3 6791 1060 5472
2 3680 440
2 8821 2169
3 6161 9652 4545
0
0
4 3884 7537 8125 5681
1 2356
0
0
0
0
2 9702 9039
0
2 1938 5825
0
4 8674 4967 7343 1864
0
4 7490 7864 3999 8736
0
3 1747 4272 6763
0
4 5587 2337 3663 6728
2 5869 5584
3 5070 3805 1555
0
0
0
0
1 8921
0
0
0
0
2 583 4805
0
1 3878
0
3 6785 9489 9306
0
2 6842 4559
0
2 8449 2696
0
0
0
3 1427 7273 8903
3 6135 9911 7198
0
0
0
2 886 246
0
0
4 9251 3390 5760 1204
0
2 3416 6269
0
4 4219 8595 305 2392
4 4745 3922 4703 6080
0
0
4 5830 7884 8402 1917
0
4 9243 9179 5028 4510
3 2992 6181 8885
0
0
0
3 7138 4347 9837
0
0
0
0
1 8789
0
0
0
0
0
2 4150 7370
0
0
0
0
0
0
1 5840
4 1811 9373 5616 611
0
0
1 5036
0
4 5915 4848 241 9369
2 4189 4386
3 8357 4614 7615
0
0
2 4492 4640
0
2 1017 5817
3 872 1208 4629
0
4 1294 8949 3994 6610
0
2 8314 5153
0
0
0
0
1 4876
0
1 7674
4 345 1466 4513 2142
3 6797 5724 3529
3 9342 472 9337
4 8898 4064 1042 1219
0
0
0
2 3521 7718
0
2 7188 5249
0
2 3293 5883
0
2 6433 9212
0
0
1 9895
0
2 2575 8600
0
0
0
3 4366 3456 2534
0
0
0
1 9874
0
3 5264 6675 3684
1 9529
2 590 9792
1 626
0
2 5528 8313
1 3561
0
0
0
3 5882 9246 5865
0
0
0
4 1222 2546 6877 3664
0
3 2714 7222 4674
2 2239 1436
1 8597
0
1 1193
0
0
0
3 3134 5974 2294
0
4 7024 5314 2705 9421
2 2832 5375
0
0
0
0
0
0
2 5099 1812
4 1598 2030 6951 1349
0
2 1776 1108
1 6600
0
4 8754 1300 7618 4514
0
0
0
0
0
0
0
0
4 2096 8575 9828 9423
0
0
0
0
0
0
0
0
0
0
0
0
0
1 8719
4 7563 4792 8290 1019
0
0
0
0
0
0
0
4 2179 2798 4069 202
0
2 8325 6994
3 9918 1269 3067
0
0
0
1 909
4 4539 8403 8024 1366
3 5639 124 8087
2 2727 9567
0
0
0
4 3166 7202 7839 6265
1 9136
0
3 9626 3602 7749
0
1 9570
0
0
0
1 7135
1 8307
0
4 718 7972 7953 6639
4 5710 4321 5406 5137
3 3101 3636 2869
3 8350 3235 6392
0
0
0
0
2 7616 2820
4 9207 5469 427 2976
0
1 9966
2 3503 1418
0
0
0
0
0
0
3 2251 5704 6008
3 335 4619 3591
0
0
0
0
0
0
0
3 8702 5766 6004
3 7984 5614 4088
0
4 7724 3361 163 8745
0
0
0
0
2 891 1554
0
0
4 6444 1792 8808 7612
2 6530 5598
0
3 1577 3006 3066
0
0
0
2 5946 8489
4 3482 5523 3057 3275
0
3 919 3002 1682
0
0
0
4 6030 2327 8751 533
0
0
4 8569 5300 3249 2970
4 6377 7474 6839 903
2 7850 1151
2 9471 6620
3 9582 169 6375
0
0
4 2877 5056 4032 5423
3 3111 5204 8507
3 6861 4195 4491
0
0
0
1 7944
0
0
4 3894 144 3709 5569
0
0
1 4833
4 7975 3880 6130 4993
4 4127 1291 6176 6793
4 4427 2562 7300 8138
1 8916
0
0
0
0
4 7307 212 3718 8509
3 2263 1250 4973
1 6774
0
0
4 1903 8395 4806 7310
0
1 247
0
1 2848
4 1684 758 8043 5065
0
3 7050 6752 3865
0
1 4006
1 2720
0
1 2711
2 9593 7886
0
0
2 7291 730
0
0
0
0
2 7878 4858
4 1223 6851 187 774
4 6931 5720 2161 8827
2 8148 7641
1 7365
0
3 8399 458 4571
0
0
0
1 2217
0
2 2341 9242
0
0
0
0
0
0
2 8586 9673
4 456 6558 8212 6989
3 7652 8825 6382
0
4 3060 5201 8088 6042
0
0
1 7922
0
0
0
1 3536
0
0
3 2383 8440 7267
0
0
0
4 8577 1898 4294 2942
0
0
2 6670 1689
0
0
4 7415 9858 9436 6348
4 4352 5228 7367 8865
2 6489 3940
2 8137 3829
0
0
0
4 6526 5847 5270 4607
1 1931
0
0
0
4 5554 5539 4645 3558
0
0
0
0
1 8042
0
4 3598 811 3384 6543
0
0
0
0
4 8082 9081 4544 529
2 612 4541
0
1 7477
1 289
2 6667 6661
0
0
0
0
4 2484 4495 6965 1536
2 4480 8755
4 2679 4215 8238 5425
0
0
0
3 6511 8401 4234
0
4 3555 5498 3941 2600
0
0
0
0
2 4675 4109
3 3979 3958 5700
0
0
0
0
0
3 1067 7837 5719
0
0
0
0
0
4 8407 1761 722 1276
0
3 7744 4502 6146
0
0
4 4700 9977 4370 8783
0
0
0
0
0
0
2 3725 992
4 2201 2326 1537 4895
2 7848 7625
0
1 2800
3 4530 10000 9180
0
3 5511 2167 8587
0
0
0
3 814 1543 5786
3 8410 6218 7648
4 6076 5581 8145 9024
0
1 8541
0
0
4 1690 306 3116 1478
0
0
2 5782 6754
0
0
0
1 9784
2 5438 4994
0
3 2969 1651 9682
0
2 8161 4101
0
2 7631 6338
0
0
0
4 807 4854 4874 9615
1 6117
0
4 5728 4940 9584 6473
1 8908
0
3 6926 6555 7559
0
2 8166 1610
2 6573 4983
0
3 5658 1624 9613
4 1979 2809 3590 6537
1 1144
3 2862 3141 9456
2 8305 5698
3 4850 2726 3747
0
0
1 6650
0
2 2138 9855
3 5244 9124 2975
0
0
1 899
0
1 8282
0
0
0
0
4 9759 5909 1107 70
0
0
0
0
0
3 9608 3790 3868
0
4 9326 5003 617 1413
0
2 2384 515
2 2755 281
4 9377 9366 8788 1806
0
0
1 2399
0
4 9634 6597 9191 1834
0
4 8717 2831 1195 5792
3 273 2214 1665
0
1 1742
0
0
0
2 1525 768
0
0
0
1 4394
0
4 687 2887 8207 337
0
3 9714 4430 5319
0
3 1145 4387 3676
0
2 4345 6359
0
0
0
0
0
0
1 7784
0
4 5748 4365 4039 2817
0
4 2680 5856 5447 750
1 5717
3 3246 153 7914
0
0
2 8301 2083
1 7451
0
2 7742 5370
3 2445 4374 8872
1 3347
0
0
1 9696
2 6504 3200
3 4570 8630 9946
0
0
0
2 5408 7220
3 465 9169 79
4 2252 3902 7600 9766
4 905 5740 4446 4663
4 1454 1013 7716 6696
2 940 6977
4 3538 5886 3172 9430
0
0
0
1 5449
1 9821
0
0
0
0
0
3 5677 7328 1141
0
0
0
4 4277 9539 1455 1486
2 7705 3483
0
0
0
0
3 4772 213 7022
0
0
0
0
0
0
0
0
4 8523 5218 1614 1317
2 9631 6006
0
2 525 2745
0
0
0
1 3841
0
0
2 6191 7552
0
2 5340 5097
0
2 8091 4648
0
0
0
0
0
2 1674 1018
0
0
4 2198 7196 6143 2342
0
0
4 2002 1718 3119 675
2 9211 5510
1 5668
0
0
0
3 3047 3781 461
0
0
0
4 3736 7593 3156 5016
2 1709 3853
0
0
0
0
0
2 7437 3786
0
4 6740 3768 2802 7353
0
0
3 7555 6767 7585
0
2 9458 1329
3 8559 5514 2637
0
0
1 6957
0
0
0
0
1 531
0
0
3 898 9392 7902
0
0
0
3 6094 2819 9866
0
0
0
0
0
3 9185 87 5482
1 4493
0
0
0
0
0
0
0
0
1 9096
3 2474 8527 6257
0
0
0
0
0
0
3 6939 916 8223
4 2734 6258 5156 9099
0
0
0
0
0
4 5888 4393 3698 3752
2 6105 2460
0
0
0
0
3 6139 7442 7106
0
2 5119 8266
1 4523
0
1 8412
0
0
3 1816 9275 4828
3 2778 381 8443
0
4 3879 9486 1649 3544
0
0
0
0
0
0
0
2 1602 7081
0
4 4113 6410 637 1863
0
3 4488 5936 4225
0
1 7498
4 9208 4536 4506 1137
0
2 5494 4949
0
3 5227 6309 7339
0
4 9899 5463 6321 5133
0
0
0
3 3159 6033 2660
0
2 4154 9104
0
3 9853 9887 5694
0
0
3 9349 8134 6643
4 1100 3533 3906 9358
0
4 6328 5222 9683 9992
0
0
0
0
0
0
0
0
0
0
0
3 2466 6906 9679
2 3815 5603
2 6283 7816
0
2 6441 5157
0
2 1063 9361
0
0
2 3397 6278
4 8700 2097 6921 9739
4 931 4000 3975 1004
0
2 9077 8907
0
0
0
0
4 727 9321 5955 8421
0
0
0
1 1477
3 3648 9861 6580
4 908 955 5165 8869
0
2 5047 2324
0
0
0
0
2 3180 7910
0
2 8691 8400
2 5215 7306
4 4023 5066 7602 9500
1 1139
0
0
2 6987 5899
0
4 5394 420 5609 5674
0
0
3 9514 2685 390
0
3 9074 2701 1275
0
1 1763
0
0
1 6329
0
2 7466 5034
2 6494 7502
3 7831 4653 6865
0
2 5210 9247
3 6549 714 8283
4 2977 5655 1378 5091
0
0
4 1795 2763 8165 5577
0
2 3288 775
2 6932 5299
0
0
0
0
0
0
0
2 4875 5575
4 3278 2751 887 8923
2 7097 7981
0
2 1500 6234
2 2960 2057
0
0
0
0
0
3 4298 4048 7140
2 8695 5268
3 4968 1796 1444
0
0
0
0
2 9943 2022
0
4 5291 92 8462 2320
0
2 7893 4763
0
0
0
0
0
0
0
0
2 9528 5283
0
3 6702 3597 8000
0
1 8241
0
4 9138 9459 1678 5957
0
4 2514 3842 7467 1288
1 683
1 2758
0
2 3955 8947
0
0
0
0
1 2875
0
0
0
0
0
0
2 3197 5278
4 8688 3090 9836 2884
0
0
3 3385 6335 7173
3 1485 9530 5356
2 4680 964
2 8635 9674
0
0
0
0
0
0
4 4290 721 8742 1786
2 6039 7290
1 7896
0
0
0
0
0
3 1912 2126 392
0
4 5135 4568 9210 5932
0
3 7093 8941 7765
0
0
0
0
0
4 3695 6586 8118 9801
0
2 1106 6319
3 94 6144 6154
0
2 6048 2771
0
0
0
1 9740
2 6676 2404
0
0
2 7849 551
1 3779
0
2 9483 3623
3 1022 2603 6024
0
3 4592 6700 2288
3 1326 6678 965
0
0
0
4 5072 8163 817 3488
0
0
1 8050
0
0
2 9457 6428
4 9295 6619 3854 914
4 4060 1567 4042 8618
0
3 3400 9881 3056
0
2 7757 8727
1 4428
3 2390 5457 5083
0
0
0
0
0
0
4 8411 3357 280 4911
0
0
0
1 7107
2 5890 3967
0
1 2519
0
4 507 6719 9140 6819
3 3091 7237 6226
3 1528 9240 1090
0
0
0
0
4 1308 23 4361 7977
0
1 6709
0
0
0
0
0
0
0
0
0
0
2 6401 6089
0
2 5428 5081
0
0
0
2 8750 1921
1 8298
2 4697 4657
0
4 318 6026 2090 9084
3 9604 1822 4866
0
0
0
2 8915 1285
4 8503 8095 9913 7959
3 923 1849 2814
2 1798 8875
0
0
0
3 8286 7720 7492
4 8855 9476 1578 1176
1 9254
3 7685 3012 1483
1 1310
0
0
3 4323 5654 7859
0
0
4 3355 4691 7041 9809
0
3 4856 9793 3847
0
0
2 5238 2565
0
0
4 749 6324 4034 3349
4 5395 6559 7862 8728
2 9930 5933
0
2 9569 9974
0
0
0
0
4 7687 4094 8857 114
0
3 7395 2477 1027
4 2401 4337 3620 2
3 2457 2467 9952
1 454
0
0
0
0
4 4507 3720 6518 2672
2 2154 6312
0
0
2 8704 729
0
0
0
0
3 7329 4112 3953
0
0
0
4 8080 6474 4832 1304
1 7157
0
0
0
0
2 9678 8540
3 8883 9405 7872
4 142 6185 8128 8453
0
0
2 688 353
4 8835 4229 5784 36
0
3 8615 1970 3655
0
0
0
4 968 1878 6513 7315
0
1 7852
1 6571
0
0
2 5017 8056
0
0
0
0
0
0
2 3499 7228
0
2 5251 7506
3 8840 2468 5535
3 2508 8590 9316
2 455 2559
0
2 1664 1225
0
0
0
0
0
0
3 9656 4453 2515
1 9494
2 2265 9000
0
1 2291
0
0
1 3055
0
2 3794 9299
4 8492 8311 119 6944
0
0
2 2555 9438
0
0
0
0
0
0
0
0
0
0
0
0
0
0
3 8935 7892 7111
4 3333 5468 7190 8438
0
4 2907 9286 896 1683
2 2586 4486
0
2 362 8735
2 9343 9407
3 2032 6193 4190
3 3187 1828 266
3 3344 6981 434
1 950
0
3 7116 4677 9235
0
2 6790 4181
0
0
0
0
1 5524
2 4851 435
0
0
0
0
0
0
4 7847 4952 3710 6943
0
1 3584
1 1645
0
3 4124 7149 9064
0
0
4 147 7468 5679 1569
4 1760 5497 1625 8813
0
2 3409 9094
0
3 2137 3803 7497
0
0
0
0
0
1 9625
1 7729
3 2721 360 4664
0
0
2 988 5077
0
0
1 1508
1 1302
3 8415 1234 6374
0
3 6654 2774 4223
0
1 6075
0
0
1 7647
1 1946
0
2 8546 4630
0
0
0
0
0
0
0
0
0
0
0
2 5427 1438
0
0
0
0
0
0
1 6150
0
4 9713 7712 831 3722
0
2 5641 2698
0
4 3921 3567 6618 6967
3 5592 2708 4045
4 3458 6824 1516 7335
4 3181 8585 9317 3157
4 655 5086 6074 3365
4 9970 7622 6948 3461
0
0
4 8975 3530 4467 9189
0
0
0
0
0
0
3 4399 2058 428
0
2 1309 8514
0
0
0
0
1 3265
1 1523
3 9484 8593 4579
0
0
0
0
0
0
0
3 3061 2915 9186
0
0
4 9270 6655 6212 1034
1 5892
0
4 5128 6038 343 5556
3 2928 7731 588
0
0
0
0
2 4444 2997
0
1 6624
2 9915 9628
0
0
1 33
0
0
0
1 734
1 5419
0
0
0
4 3799 7001 9635 5387
0
0
0
3 3989 7990 9545
0
0
0
4 3523 8718 5306 1892
3 974 1693 8200
3 7597 2349 7020
0
1 26
4 7014 933 7444 668
0
4 2024 9146 580 4987
0
0
0
0
4 9523 7846 211 6230
0
1 3031
0
3 8482 6296 9865
0
1 5615
0
3 9610 9347 3745
0
4 7776 7982 2315 5145
0
2 2139 3897
0
0
0
0
0
3 1919 2345 4903
0
1 7243
0
0
0
0
0
3 2088 9201 4922
4 3892 6756 3509 9215
0
0
0
0
1 1692
0
0
1 868
1 4413
0
0
0
1 4398
3 9101 5330 5788
3 8576 1293 630
0
3 679 1468 338
0
0
3 9642 3173 2787
0
0
0
2 9587 4812
0
0
0
0
0
0
1 2965
4 5971 9088 3039 4138
0
0
0
3 6136 6612 3653
3 4151 3301 1253
3 6465 6192 9168
3 9653 993 3801
0
0
0
0
0
4 5440 1852 3838 569
0
2 1904 7640
4 5481 3696 7464 8906
0
0
0
1 4748
1 4622
3 9016 5172 3404
0
0
0
1 8417
0
0
1 7958
0
0
0
4 4431 4609 8294 2281
0
0
0
0
0
0
0
0
0
0
0
2 7985 5699
1 2418
0
0
0
0
0
0
0
0
0
0
4 4839 7714 8980 1267
0
0
0
0
1 745
0
1 3780
0
4 3988 1119 9139 4726
0
0
0
4 2827 71 445 7691
0
0
2 4542 5757
1 5255
0
0
0
0
0
4 3264 5837 490 5901
0
3 2051 2440 8993
0
3 2242 4919 3775
1 3703
1 565
0
0
0
0
4 843 9831 593 2582
1 6669
2 457 5861
0
0
1 1844
4 6902 310 6755 4695
2 4714 4964
1 2889
0
0
0
0
0
0
0
0
0
0
0
1 2098
0
0
1 4282
2 6837 4080
0
1 1922
2 5170 7384
0
4 8787 7518 1668 4320
0
0
0
0
0
0
4 6637 5274 7359 2687
0
0
2 8662 5417
0
0
0
0
1 5968
0
0
0
0
2 5867 3595
0
1 9617
2 8940 4665
0
0
0
0
0
0
0
2 1772 9230
3 6341 9694 1943
0
2 2552 2236
2 2487 876
0
0
3 9043 259 7262
0
0
0
0
0
0
0
0
0
0
0
0
3 985 8274 6995
0
2 1179 6060
0
0
0
0
0
0
1 8709
2 5608 605
0
0
2 4426 7362
0
0
3 9719 4251 7048
3 78 4715 7697
4 6034 5548 9357 3358
0
0
3 6479 8642 6216
0
0
1 6263
3 822 8342 5357
1 2215
0
3 373 2382 5139
4 1557 8299 7930 4317
0
0
4 143 4899 1606 849
3 4404 7481 5813
0
0
0
1 5828
0
4 7684 1325 6019 7666
4 9658 5269 5737 7208
0
0
0
0
3 8538 5754 8531
0
0
0
0
3 7059 3899 325
0
1 987
4 8932 7064 4998 357
0
0
3 2381 3199 8681
2 874 4802
3 4241 9998 1129
0
0
0
0
0
4 2501 5021 2497 5948
2 9765 991
0
4 4638 9318 4351 7005
4 631 320 6430 8181
4 5750 4359 3053 6261
3 9334 8152 4057
0
2 1924 4671
0
0
4 5198 783 9850 7873
1 4725
0
0
0
4 9268 7327 7015 9188
1 2651
0
3 7761 6347 4470
0
1 9606
0
1 9148
0
0
0
2 9273 8913
2 2902 6036
0
2 3697 2810
0
0
0
2 9054 705
0
1 9163
2 6501 2564
0
4 5043 6360 878 7719
0
4 9474 140 206 9072
1 1495
0
0
0
4 3190 3253 9320 1064
0
0
2 3268 7342
0
0
3 3137 4278 6560
0
0
0
2 8468 5068
3 666 5903 5373
0
0
1 2944
0
0
4 441 2903 4377 8388
0
0
0
1 2333
4 830 3484 6711 5820
0
0
0
0
1 6031
0
0
0
0
0
0
0
2 700 5144
0
0
2 1514 2184
3 2995 3985 5952
0
0
0
0
0
4 9773 4916 8608 5025
2 8834 7455
2 7102 2972
3 6273 8393 236
4 4869 6066 9075 4845
1 1112
2 2504 5199
0
0
0
2 5414 9956
2 4713 4367
1 2156
2 5836 209
0
0
1 9846
0
0
0
3 4661 6811 3891
3 2525 9723 6121
0
0
0
0
1 1248
2 2530 4415
0
0
0
1 3635
0
0
2 1226 8954
0
0
0
0
1 8034
4 3731 8121 8044 2882
4 3227 5796 3147 6701
0
4 7289 2415 9007 4100
0
2 4302 5321
2 9225 6108
0
0
0
1 948
1 4767
0
0
0
2 7108 4692
0
4 7071 5596 7620 9752
4 8936 7459 5147 2174
0
0
0
0
0
0
1 1363
0
0
0
0
1 7158
0
0
3 8358 2756 5
0
4 5391 2420 9688 4161
0
0
3 1110 970 5735
3 6649 8832 3568
0
4 4892 9730 6830 9787
0
2 1697 1910
0
0
0
0
0
3 3614 7819 30
1 2890
0
0
2 7277 939
0
0
0
0
1 5810
3 6445 6848 8837
0
0
1 6488
0
0
0
0
0
0
0
0
3 6083 1292 613
0
0
0
0
0
0
0
1 1631
0
0
0
0
2 88 6895
0
3 6131 5650 4655
2 3514 4578
0
0
0
0
0
4 2494 3914 3622 8963
0
3 1220 2855 8354
0
0
0
0
0
4 1012 5620 7632 2978
0
0
0
4 8103 9527 4339 8646
0
0
0
0
0
2 5239 3085
0
0
0
3 1073 1380 865
0
4 5684 7553 7907 1855
0
0
0
0
0
0
4 7594 19 8798 5413
0
0
0
0
0
0
0
0
0
1 927
0
1 2633
0
0
0
0
0
2 1634 3835
2 6913 9949
0
0
2 983 8951
4 9724 8201 9693 873
0
0
0
0
0
0
4 1037 1749 1071 8619
0
4 9903 1101 3647 3346
0
0
0
0
0
0
2 7986 7364
0
0
0
0
0
1 5489
0
0
0
0
0
0
0
0
3 7295 1136 9875
0
4 4826 3279 2849 5534
4 6671 9525 6414 1434
0
4 4505 4140 882 1845
2 4092 4531
0
0
0
0
4 8333 8591 8549 9190
1 7960
2 9272 99
0
0
0
3 7417 6804 6061
3 319 1886 9006
0
0
0
0
0
0
2 5811 4890
0
2 8926 2593
3 1788 4678 3589
3 1881 4313 6134
0
2 3149 4730
0
0
0
0
4 6268 2020 3178 8652
0
0
0
0
3 9332 578 8880
0
1 8457
0
0
3 7644 8330 2673
0
0
1 3797
0
0
0
0
0
0
0
4 8021 2339 3715 1539
2 8379 5660
0
1 1178
0
4 8164 8657 7671 5132
0
3 8659 9687 8900
0
4 3556 4861 356 59
2 9577 8160
0
0
0
0
0
4 2103 89 8408 8839
0
1 2016
0
0
0
0
0
0
1 3652
1 912
2 3543 3751
0
1 7686
0
0
3 1062 7508 5069
0
0
3 5772 9932 5664
0
0
1 6664
2 2230 225
3 7867 2223 1279
1 1768
0
0
0
4 6208 897 8927 6267
0
0
0
3 1437 1443 6583
0
0
0
1 4414
2 726 6788
0
0
0
2 6170 8892
0
3 6241 4687 8208
0
0
3 2507 3638 5558
4 4604 3281 6471 2585
4 3126 8645 6924 4460
4 778 263 5985 5943
3 628 8255 346
0
0
1 127
0
0
0
1 9355
1 4391
0
4 5446 5018 1191 660
0
3 1755 237 1865
0
0
1 9705
0
3 6440 2413 7681
0
0
3 9092 4584 8739
0
0
4 557 8724 2658 7103
2 1069 9356
0
0
4 2218 4586 7113 9426
0
0
0
0
1 1510
2 3158 2113
0
1 696
0
4 7957 5580 2792 3494
2 8969 8762
0
0
0
0
0
0
0
0
4 4130 201 6972 1896
0
4 8784 1549 4986 4686
0
1 3948
3 5546 3179 137
1 5062
0
0
0
0
0
4 9335 2786 363 5158
0
0
0
0
2 4927 3970
0
0
0
2 175 9171
0
0
0
0
1 3025
0
1 7155
0
0
4 4043 9892 2465 4288
0
0
0
3 9232 5725 9238
0
0
2 9260 596
2 787 9680
0
0
3 3082 2355 2393
0
0
0
0
4 719 4651 5509 2235
4 1576 7240 2059 347
0
0
0
0
0
4 3761 7123 4029 24
1 7259
3 6051 9100 117
0
0
0
2 9900 1182
0
2 361 1344
0
0
3 7835 3045 4842
2 1762 3237
3 62 796 3440
1 9748
0
2 2524 5234
0
0
0
2 5673 560
3 231 7232 2985
0
0
2 5333 4071
3 3758 6078 7928
0
0
0
3 4519 4904 4141
0
4 8924 2089 1541 1032
0
1 7526
4 5734 5148 7971 6425
3 6016 944 7715
0
0
0
0
0
0
0
1 4471
0
0
0
0
1 9990
0
0
2 8414 8971
2 6086 7845
0
1 1132
0
0
0
0
0
0
0
0
0
0
1 3420
2 9302 907
0
0
0
0
0
0
0
2 3419 8518
0
0
0
0
0
1 8656
3 6114 7120 3875
1 8416
0
1 9769
0
1 858
4 7454 859 4953 2602
0
0
0
0
0
0
0
0
4 8396 2780 4455 1330
0
0
0
0
3 1393 8584 894
2 825 4741
0
1 7166
0
3 7091 74 2056
2 8205 4562
0
2 3135 7730
0
0
0
0
4 2910 5564 7025 1744
0
4 9920 1909 3886 412
4 5290 3845 1157 8749
0
0
0
0
1 9372
0
0
0
0
3 8805 805 3631
0
4 7082 731 489 9331
3 4909 9067 3258
0
1 659
1 690
0
3 7828 9994 2220
0
3 5248 9023 7252
0
0
0
0
0
0
0
0
0
0
0
0
1 2896
0
2 7382 3109
2 2109 9113
2 7272 7656
0
0
0
0
0
0
2 6554 647
3 5371 1969 3393
0
2 7114 9384
4 7589 3893 5161 336
2 8606 9375
0
0
0
0
3 5053 5630 5131
0
0
2 5799 5194
0
2 8079 6527
3 9695 9879 73
0
0
4 6568 7748 3073 5586
0
0
0
0
0
0
0
0
0
3 2084 6437 4303
4 4049 3756 7538 9873
0
0
4 978 7420 6668 6578
0
0
0
2 3548 3351
0
0
0
0
1 1386
0
0
4 9566 2144 165 6245
0
0
0
3 6883 8679 9125
2 6098 8232
2 6672 7411
0
0
0
3 7255 9004 3566
0
0
3 7110 7750 9415
0
4 9844 2470 3290 7562
4 7117 9199 9721 2987
4 4056 4196 8939 2085
0
0
0
4 5182 7194 6764 5568
0
0
0
4 6422 732 5397 3473
0
0
0
0
0
0
1 2185
2 7568 2669
0
0
3 7528 4035 8893
0
0
3 1377 5074 5250
3 8671 170 697
2 7324 5716
4 1712 4809 4216 6467
0
3 6796 5663 1215
0
4 5600 1981 5629 1082
0
0
0
0
0
1 8306
0
0
0
4 8433 3389 1963 4148
0
4 5443 1158 1240 3426
0
0
1 2473
2 2091 9910
2 2767 3269
2 4774 1562
0
0
4 3848 9983 7565 2431
0
1 3866
0
2 9863 8397
0
0
0
2 3380 9727
0
0
2 6516 8353
0
3 1446 2522 1404
0
0
1 3571
2 4102 1932
0
0
2 801 6760
0
1 6372
0
3 6983 1303 1966
0
4 2472 111 6656 8997
0
0
0
1 1522
0
3 4632 9849 1542
3 7263 7870 1358
0
0
1 9916
0
0
0
3 5478 8723 2435
3 5258 2259 4708
4 5298 6866 5742 6286
0
4 558 3459 6180 7515
0
2 5116 2026
0
0
0
2 5033 3818
3 8007 6339 5781
4 8928 7489 5841 6954
2 922 1412
0
4 6775 8959 4167 3354
0
0
1 3505
0
0
3 2808 1653 6009
2 7338 8690
0
1 764
0
0
0
2 1320 4777
4 3103 3820 7764 6370
2 1579 8622
0
0
0
0
0
2 5253 6590
1 9359
0
4 5103 8812 7794 9622
0
0
0
0
0
0
0
0
4 2208 1039 6293 2801
4 2937 4734 9950 8848
0
0
0
0
2 3990 8262
0
2 1592 4004
3 2567 1914 21
0
2 2200 9264
3 7257 342 4528
2 852 7663
0
0
2 2951 3093
0
0
3 4026 947 8210
0
0
4 248 7753 7472 5094
4 3095 1785 2478 6627
4 7223 8911 2370 3717
0
0
0
0
0
0
0
1 4159
0
4 3391 7242 1818 5583
0
0
2 2935 7412
3 4128 7438 2503
0
0
0
0
0
0
0
0
3 6908 2964 9796
0
4 6923 1324 5470 8321
0
2 2760 2166
0
1 7522
0
2 7009 7805
0
2 3839 713
0
0
0
4 6909 9550 3729 9469
1 6734
0
0
2 388 6572
3 6868 540 1752
0
0
4 2824 7136 8240 2123
0
0
0
3 2454 7595 96
0
0
0
0
4 8424 3995 5399 5403
4 76 9708 4860 128
3 9912 6894 9166
3 7917 1872 8766
2 2225 3643
0
2 7800 535
0
1 6531
0
0
0
0
3 4716 5354 7863
1 1406
4 2163 8257 9463 3017
4 2495 3525 5098 8868
0
3 5729 1714 5761
0
0
4 5950 8613 8701 9976
0
0
0
1 5555
0
0
2 8938 1031
4 3769 9353 6171 2537
0
0
4 676 8157 7095 1417
3 6781 1650 1058
3 7576 7010 5572
2 7509 602
0
0
2 409 2055
0
0
0
2 5918 2004
0
0
4 2195 4356 5763 9403
0
2 8083 5287
0
0
0
0
0
0
0
3 1470 4496 8297
3 9804 3099 8473
3 1707 3964 1643
0
0
0
0
1 7601
0
0
0
1 7302
0
0
2 9468 5707
1 9221
0
0
4 3905 4420 7087 3174
0
4 2330 6963 5259 84
0
3 5445 1736 4232
1 7435
0
0
0
0
1 5285
1 2403
4 8452 8194 3730 4418
0
0
1 9780
0
2 6574 7876
1 6202
0
0
0
0
0
4 2094 6581 585 2300
0
4 8309 1435 9151 4499
3 6750 3534 1733
1 9071
0
4 1237 9978 6371 2581
0
1 4231
0
3 3487 7269 1263
0
4 483 3223 8352 4348
0
0
1 5975
0
4 42 102 4689 9025
2 1750 566
0
0
0
2 7029 3454
0
0
0
0
0
4 6903 2812 7061 1003
0
0
0
3 6635 3704 4591
0
0
0
0
0
0
0
1 9385
0
3 3705 3255 9158
0
0
0
3 3074 1900 9771
0
0
2 7129 3359
0
4 4170 5486 6647 592
4 2455 7488 9671 4882
0
0
0
2 8862 7629
0
3 7371 4376 2271
0
4 4421 866 7547 5382
0
3 364 3062 3427
0
4 4721 1797 6953 5372
4 1773 9042 6491 469
0
2 6284 1459
0
0
0
4 2561 763 4905 9009
2 9093 1056
0
0
1 5075
0
2 1810 2782
0
0
0
1 9832
0
2 5383 9284
3 7669 293 9350
3 9711 3028 6306
0
1 378
0
4 9167 5174 9698 9195
3 2632 2331 6101
4 2133 8536 8423 9596
0
0
0
1 7209
0
0
0
1 2256
2 9616 1638
0
0
0
0
3 8016 9542 2318
4 2653 8625 8386 5863
3 217 4395 311
2 7680 5390
0
1 7424
0
0
0
3 4206 1035 3876
0
1 686
0
0
0
2 8631 4847
2 4158 7266
0
1 2588
0
0
0
4 8176 5842 8293 8162
2 6460 5355
3 8267 8565 8493
0
1 6391
4 6478 4273 5117 4755
0
2 2744 3217
0
1 4397
2 8120 5008
0
0
2 2573 2375
2 3256 4762
3 2542 5095 9239
4 725 8288 733 7895
0
1 8110
0
1 2509
0
2 5963 6068
0
0
3 9770 9909 101
0
1 501
0
0
0
0
0
0
1 8831
0
0
0
0
0
3 5520 2735 2308
0
0
0
4 2981 8551 4563 437
3 5610 5702 6805
1 4811
0
3 6899 6813 6232
3 3272 8090 6996
0
0
1 3657
0
0
0
0
0
0
1 2610
0
0
0
0
0
0
0
0
4 9870 250 7187 3185
2 2229 8543
0
0
0
0
0
0
2 2998 4558
3 5611 986 1907
1 3226
0
0
0
4 154 5701 5538 7758
0
0
0
0
1 9948
0
0
0
1 8113
0
2 5303 8760
0
0
0
2 4226 7961
0
0
3 2490 8250 1518
0
3 3833 1608 6886
0
3 1891 7936 2429
0
0
0
0
0
0
3 4 9441 2289
0
0
0
3 5507 3654 5685
3 7965 3796 6020
0
2 9611 5905
3 5352 6769 8280
0
2 8714 5715
0
4 6126 3046 6035 2506
1 4521
0
0
0
3 5969 8419 8093
0
0
4 753 3184 9174 4864
0
0
0
0
4 3437 534 6454 264
2 9149 229
2 8484 9665
2 7927 3596
4 1991 1783 4567 9521
0
0
0
0
4 9086 2180 7545 629
0
1 3222
4 9492 3782 6222 9451
1 1581
0
0
1 4649
0
3 3537 1066 4836
3 780 7409 6952
2 5163 8335
0
0
4 877 2146 1156 9649
1 3100
1 680
0
0
0
0
1 7701
0
4 7698 4233 1799 2739
3 1010 9661 3086
3 331 8772 1166
4 8032 2498 2086 1346
0
0
4 6112 3982 4097 6979
0
0
0
0
0
2 3271 1780
0
1 8073
0
0
0
2 8276 7285
0
0
3 8637 3267 8300
1 4459
3 3658 8054 2395
0
0
0
1 9968
0
3 9684 4977 7033
0
3 3789 1094 227
3 7973 2364 9032
1 9314
0
0
0
4 4821 4406 5093 1846
0
0
0
0
4 3462 6659 9402 5937
3 4424 7996 9585
0
3 1566 7786 3862
0
0
0
2 1448 8187
0
0
4 479 5824 6302 5049
0
3 6398 1465 6242
0
0
0
0
4 6104 2615 7416 1113
0
0
4 2556 233 1998 7363
0
4 288 7337 7172 7012
3 9924 4599 4011
0
0
1 2130
0
0
0
0
1 6470
0
0
3 7832 812 4504
0
0
3 3205 4494 6522
2 4711 1884
2 9197 1239
4 4804 6457 9602 8629
3 3124 3005 1235
3 5545 3299 8217
4 1265 8867 5822 9448
0
0
3 9957 3840 4829
1 6389
0
0
0
4 2898 6239 850 3828
0
3 2150 9789 5604
0
0
2 6349 5424
0
1 1587
4 9872 1777 3741 3300
4 3562 8340 6251 2164
0
0
0
0
4 8018 3604 2194 5087
1 8909
3 6832 8251 698
0
0
0
0
2 3196 2471
2 7913 5473
4 8775 6122 3773 2867
3 3577 9629 7703
4 2461 167 2227 8153
0
0
4 8287 3130 5243 8155
0
0
0
3 994 3498 3195
3 728 1194 9381
0
2 1860 4205
0
0
0
0
0
0
3 577 3261 2638
0
0
0
0
3 8888 7358 4900
0
2 1460 7857
2 1831 8982
2 2000 9890
0
0
1 1041
3 8773 8178 1343
0
2 8987 1711
3 6956 4782 7710
0
0
1 6023
0
0
1 9777
0
0
4 1544 6361 5185 6603
0
3 1442 484 4479
0
0
0
0
0
3 1758 9618 2357
4 2033 7507 1183 9107
0
2 6697 9173
1 3263
0
0
1 9568
0
0
0
0
2 5112 4768
0
0
0
4 3392 368 8694 1994
3 1121 8599 6941
0
0
0
4 9645 239 717 5150
0
0
4 6340 257 5058 5063
0
3 9194 5477 6199
0
0
0
0
1 4585
1 2779
0
0
0
0
0
0
0
2 5154 8116
0
2 2768 5495
3 3954 2597 3608
4 6276 9177 393 6532
3 6984 3915 4433
4 8432 5982 2061 7017
1 8284
0
4 3547 5976 7777 4548
0
0
2 9103 4830
1 7818
4 5896 8038 383 8864
0
4 5773 5236 7428 518
1 3308
1 3920
0
0
2 3692 8786
0
0
0
3 5266 601 5293
0
0
0
2 3394 4254
0
0
0
0
0
3 5090 7016 7658
0
3 1870 333 3447
0
3 8562 9852 1321
4 8337 9736 1049 7670
0
0
0
2 3443 8065
0
0
3 2648 9513 7905
2 6634 6602
3 5339 1867 2312
0
0
0
1 6808
3 3024 4990 8572
0
0
0
1 192
0
3 5916 3395 4328
3 9697 3809 1482
3 7520 4966 616
2 510 8458
2 2876 8003
0
0
1 22
0
3 5945 298 1724
0
0
0
2 1754 2073
0
3 6220 6840 97
0
0
1 6046
2 1641 7441
1 6998
2 1801 8564
0
0
0
3 9805 6256 2025
0
1 8644
0
0
0
4 562 4556 5106 1332
0
2 1940 7292
0
0
0
0
0
4 344 1699 4087 2795
2 2526 6978
0
0
3 2539 2591 7480
4 9427 3755 5513 9834
4 2560 1322 7398 8483
3 4794 893 7539
0
2 4760 4732
0
0
0
3 7144 5358 9244
0
0
0
4 8271 9641 7861 5591
0
0
0
0
1 4132
3 4815 4690 2866
0
3 1823 5240 3120
0
2 49 532
0
0
0
0
0
2 7099 5845
0
0
1 5643
0
1 2284
3 1122 9128 2199
0
2 2469 6621
0
0
0
1 6523
4 704 6096 4989 9880
0
2 3936 1162
1 4137
0
0
0
0
4 8133 7653 1916 1726
1 567
0
0
3 2881 2956 2908
0
0
1 890
0
0
0
3 2676 6644 9764
4 7351 3313 3370 1005
0
3 5323 350 2347
1 4557
0
4 4581 5818 7802 2659
4 930 7624 867 712
0
0
0
4 8339 1023 466 926
3 6085 3557 1679
0
0
2 8725 4191
0
0
0
3 6115 4312 232
1 7745
2 7360 7881
0
2 7147 5536
0
0
0
2 5220 3733
0
1 1045
0
0
0
1 9279
3 4169 8460 9418
0
0
0
4 1318 3026 3679 2047
4 7185 9365 7225 1059
0
0
0
2 307 3792
0
0
4 1575 6912 474 7814
1 1746
0
0
0
0
1 2568
1 8747
1 761
3 5349 5142 5488
0
0
1 2979
1 808
0
0
0
3 3097 3971 5377
0
3 4621 5046 464
0
0
4 3215 8092 5787 9505
3 703 2646 892
0
4 145 3513 3283 1961
0
2 5367 1230
0
2 3479 8332
0
0
0
1 8779
4 16 8554 6363 1782
0
2 3919 3318
0
0
4 8698 3974 5875 287
0
4 5692 423 3042 7956
0
0
0
2 1370 5466
3 5919 3474 1517
0
3 4518 9845 3341
0
3 4445 5690 2285
0
0
0
0
0
0
0
4 6198 5341 9462 2287
0
0
3 934 648 7630
2 7768 8097
0
4 6827 5011 9706 5870
0
2 4293 5683
2 2769 5292
0
0
4 1547 1266 4047 5995
0
2 1753 5563
0
1 6459
0
1 3702
0
0
4 1879 6497 9123 7345
3 1128 6295 2023
0
0
3 8323 8114 4329
0
0
2 2115 3619
1 6106
0
0
4 5849 9553 670 5503
0
4 500 942 386 8592
0
4 8247 3585 8327 7084
2 5578 5206
0
0
2 4324 2857
3 3088 5670 8222
2 3526 4153
3 1889 5039 4929
0
0
1 4373
0
0
0
0
1 3330
0
3 3711 3023 7413
4 984 9110 9014 2634
4 493 9502 9583 7210
4 4735 7938 7548 8499
0
0
3 5120 8852 5908
2 1286 4178
1 9589
0
3 8952 6502 844
1 4111
0
0
3 7178 6638 9090
3 2821 6919 5571
0
0
3 4574 7121 1305
0
0
0
0
2 3162 8278
2 7028 7030
2 2480 6047
0
0
1 226
3 262 8995 7067
3 1993 15 9245
0
0
3 3834 8692 3102
2 5686 5621
0
2 5525 4218
1 3092
0
0
2 7309 3450
3 4807 3714 1908
0
1 4271
0
2 2785 1740
4 8830 1334 5363 7086
0
0
0
0
0
2 4783 3778
0
4 2135 3732 2775 5543
0
0
0
0
0
0
0
3 9439 4187 6552
1 1621
3 9509 7434 3363
0
0
0
3 3455 3735 6692
0
2 4061 460
0
0
1 3784
1 2153
2 6079 3599
4 1861 8252 6290 4831
0
0
0
4 9479 4822 7541 6817
3 9258 4067 7021
0
1 1471
0
0
3 6765 7369 5054
0
0
3 28 258 9632
2 1627 1545
0
0
2 2551 1552
3 5296 8356 3032
0
3 6168 4988 8045
0
3 9864 6686 1588
0
0
0
2 2233 8948
0
0
0
0
4 1937 6648 8558 3139
0
0
0
0
0
0
0
0
4 3665 1475 818 8026
0
2 2990 8085
3 5096 2703 9888
0
3 3331 5617 701
0
0
0
2 5129 3685
0
0
2 2500 3297
0
0
0
0
0
3 8139 1257 2417
1 1875
0
0
0
2 9524 9196
1 1988
0
1 8142
0
1 2031
0
0
0
0
0
3 6313 6615 2940
2 5437 2060
0
2 1619 116
0
3 8260 11 2119
3 5221 7433 7199
0
0
2 5924 204
2 2442 9447
0
0
1 6184
0
0
1 6365
2 766 5246
0
0
0
0
2 3229 3580
0
2 6056 4186
0
3 3728 6598 5167
0
0
0
0
0
0
2 7066 7755
2 8826 1439
0
1 7688
0
2 5671 708
0
0
0
2 8860 1945
0
0
3 4131 6498 41
0
0
0
0
1 2718
0
3 7665 2290 8040
0
0
0
0
2 563 3750
4 8703 5758 1184 326
0
0
0
0
0
2 9800 3973
4 8009 3594 4242 3767
2 3020 4139
0
0
0
2 7529 9637
0
2 6814 7057
4 7993 7667 4883 2257
0
0
0
1 3348
0
3 9217 7795 4928
0
4 7078 313 8444 1597
0
0
3 5396 2722 3325
0
0
3 9717 6499 7282
0
1 7162
0
3 1613 7169 4044
0
0
3 1977 1930 1637
0
0
4 8394 4211 3945 7997
0
0
2 8214 1382
2 6821 2625
1 715
0
2 2732 7031
1 8413
4 196 2712 4212 5642
2 5304 2414
0
0
2 3115 7983
0
4 46 8179 6449 7636
0
0
3 4449 3737 6183
0
0
0
4 6631 5832 9644 711
2 7934 7517
2 3245 2018
0
0
0
2 7268 5803
2 4033 1604
0
0
0
0
0
1 5155
0
0
4 134 9161 954 6065
2 8986 179
4 4625 9394 8015 777
0
0
0
0
0
0
3 9417 7929 4001
3 8066 214 1000
0
0
0
3 9731 6679 3438
4 1164 4304 58 2657
0
0
1 9422
0
0
0
0
0
0
0
4 9621 9601 9091 8519
3 2493 7579 294
0
0
4 1364 644 1971 8490
0
1 5672
0
3 6945 1201 2407
0
0
0
3 6366 6745 4595
0
1 5471
3 2647 7747 220
1 9745
0
0
0
0
0
0
0
0
0
0
0
3 1895 4090 453
0
2 6969 9132
3 4447 8544 7894
0
0
4 443 1172 446 9898
4 8441 370 1165 6724
0
4 3208 9491 9276 7513
1 5774
0
0
1 5920
4 1339 2325 945 4508
0
0
0
0
1 7840
0
2 7063 7393
0
3 8398 2878 5791
0
1 3182
0
2 448 8013
0
0
0
0
2 369 8960
0
1 81
0
0
0
0
0
2 4799 9311
3 3507 2069 4237
0
3 9504 4261 6761
4 2299 8367 6091 5162
0
0
0
3 2181 9971 8711
1 5282
0
0
2 4590 7077
0
0
0
0
0
0
0
0
0
0
0
0
4 8647 9493 5858 8131
4 8496 6548 2860 4214
0
0
0
0
3 1918 3588 2754
0
4 6515 2499 3501 7741
0
4 3207 216 9285 3084
1 9710
0
0
0
1 9609
0
0
0
0
4 2336 9815 64 2267
4 1642 2158 5785 8833
0
0
1 184
2 5374 7736
4 597 4474 2309 5176
0
4 9455 9033 1149 1989
4 998 1700 9204 8628
0
0
1 4010
0
3 1957 889 1546
1 1769
0
3 2841 3232 3414
0
0
0
0
4 3727 6434 6798 586
0
0
1 5756
3 2483 6419 4192
1 8807
0
0
0
0
1 1506
0
0
3 2952 4188 1658
0
4 9400 8741 5624 1826
0
1 2188
4 4963 2070 302 2110
1 8226
0
3 9255 8552 4236
4 488 9510 3675 7254
2 6629 6927
0
2 9820 2737
0
0
0
4 5775 5505 6585 8638
0
4 1787 5179 4403 771
0
4 6565 5318 1021 3639
2 1526 1416
0
0
0
0
0
3 9700 8884 4481
1 9746
0
0
1 5726
0
2 2702 997
0
0
0
4 1716 4162 1628 6685
1 3531
2 6303 8070
0
2 2844 2351
3 5196 8856 8392
0
3 7843 8058 8956
0
1 2563
4 9398 2543 5501 6163
3 8950 8346 3431
0
0
0
4 9869 2202 8256 5910
2 8471 9089
2 3904 5857
0
3 7543 2426 4723
1 7879
1 6164
0
0
1 6416
0
0
3 5105 7587 1982
3 2014 5526 840
0
0
4 4327 4789 8104 6777
0
4 4089 2013 304 152
0
0
0
0
4 1105 1074 7820 6431
0
3 5935 1572 824
4 6314 8946 5178 3510
4 9437 1244 6227 7525
0
0
4 8360 3627 1935 6970
0
0
0
0
0
1 4121
0
0
0
2 2449 6645
0
2 2781 7773
0
0
0
0
0
0
0
0
0
4 622 1496 7221 3807
0
1 7826
0
0
2 4871 8910
0
0
4 3890 3944 3744 3376
0
4 1955 2079 8890 8667
1 4786
0
0
1 2072
0
0
1 1778
0
2 8224 3008
0
0
2 8983 9670
3 7623 2772 6119
0
0
4 5855 6778 5691 9944
2 4291 621
0
0
3 3495 8820 3930
4 3108 2321 7937 7447
2 2517 9742
0
0
1 7493
2 3872 4098
1 3763
0
0
2 5089 7583
0
3 8 2968 8502
0
4 7654 3570 6331 1054
0
0
3 4647 4110 5294
2 2231 1745
2 5214 3605
0
2 8229 3352
4 404 6949 8101 2550
0
1 9599
0
0
0
0
4 4855 9707 3512 5567
0
0
1 9515
4 5815 4050 9894 5317
0
0
0
3 8454 2688 4948
0
0
2 5814 9882
1 2258
2 952 2391
0
0
0
0
0
0
0
0
0
3 9715 9428 7527
3 6822 2661 7813
0
0
0
1 8648
0
1 4654
0
4 2221 1534 9954 635
0
0
0
0
0
2 4560 1929
0
2 9506 2143
1 3546
2 3188 1419
1 2400
0
0
0
1 7036
3 760 7855 9222
0
0
0
3 8476 148 9934
1 7504
0
2 7201 847
0
0
2 3549 618
0
0
0
0
2 5035 270
0
0
0
0
0
0
0
0
2 5166 5518
0
1 8844
0
3 2852 2027 1821
3 1739 2765 6907
0
0
0
0
0
3 8348 8621 166
0
3 1177 1611 2958
1 9475
2 4932 7002
0
0
0
1 9691
0
0
3 1734 6888 2074
0
3 2699 3500 8918
2 1233 4281
4 2303 6369 8100 9923
2 7530 3183
0
0
4 7942 2706 6466 7655
0
0
1 7737
1 951
4 3145 4566 3224 3423
0
3 1238 2790 9624
0
0
4 6308 7090 3260 6802
0
1 2001
0
3 2434 7880 3694
0
4 1820 180 6118 5550
0
3 1356 6037 6484
0
1 4129
3 6810 1897 3490
4 1159 6254 8450 9886
3 7045 4924 5002
2 7717 2175
2 4535 7312
3 9572 2847 8254
0
4 9105 9813 9519 8234
0
0
0
0
0
0
0
0
0
2 3910 3519
0
0
0
0
0
3 6809 2668 4896
0
3 8364 4062 7229
0
4 3221 1839 3481 9538
0
0
2 5060 4770
0
0
1 4438
0
0
0
0
0
0
0
3 2360 1956 4942
0
0
0
2 5983 9143
0
1 1894
0
0
0
3 6351 8513 6712
2 4263 5537
1 8291
0
0
0
0
3 7921 8931 9963
0
1 3367
4 3452 55 883 6834
0
0
0
0
0
0
2 5967 194
1 9078
0
4 6240 1663 4526 9938
2 1345 2274
0
1 1282
1 9590
1 9012
3 2728 9548 3435
0
0
4 8263 7664 3607 2386
2 8213 3128
0
1 7603
1 4012
0
0
0
0
0
0
0
0
0
0
0
0
0
0
0
3 1880 3413 4798
0
3 5490 1229 1391
3 820 4311 8140
2 9561 1155
4 1737 1131 339 8370
4 1497 3877 3678 314
0
1 6346
0
0
0
0
0
0
3 543 4997 367
1 1983
0
1 1202
2 5605 9595
0
0
0
0
0
1 3334
3 191 5305 4380
3 7407 4369 223
0
0
0
3 2121 5123 2293
0
0
3 4931 5338 4739
2 1115 1574
0
0
0
4 9130 4934 5868 9465
2 468 4287
2 6252 3282
2 1722 2216
0
1 1376
2 3374 8497
0
0
0
0
4 609 3489 2244 9368
1 3721
0
1 9718
0
0
1 6592
0
0
1 9743
0
0
0
0
0
1 6145
3 6988 8461 2523
3 8979 2909 5281
3 9659 2859 4823
4 5237 6699 9429 3766
0
0
0
1 5426
0
0
0
0
0
0
0
2 1586 7788
1 7888
4 3740 3372 3148 6029
0
4 6863 2396 4891 2241
0
0
0
0
0
0
1 1314
0
3 3239 7945 4635
1 5168
0
0
1 5092
0
0
0
0
0
0
4 7646 9010 190 4688
0
0
0
4 740 6207 8041 449
1 8472
0
3 5177 8366 141
1 9419
1 6149
0
3 6424 6782 9198
0
0
0
0
2 958 3321
0
0
0
0
3 1099 8172 748
3 5986 5966 9839
0
0
0
4 5925 9362 2612 9722
0
0
2 330 1441
0
4 8435 1256 8349 4063
0
1 1695
0
0
2 9537 5409
0
0
1 7762
0
2 2359 8143
3 8296 3822 7264
0
3 8158 7766 355
1 5960
0
0
2 56 1414
0
0
3 1509 4894 2895
1 7402
0
0
4 649 6540 9106 3022
3 8368 651 6095
2 4319 8094
0
1 9446
0
0
0
3 3234 550 770
4 1877 2448 4889 9341
2 7452 494
0
4 723 4921 9877 2748
0
2 2988 5316
0
3 672 9941 8767
0
0
0
0
3 9045 5310 2528
0
0
0
2 7722 5714
0
0
0
0
0
0
4 5052 3674 5930 1024
1 1420
4 402 4985 1075 1837
0
0
4 4684 7491 2905 2724
2 2249 9352
0
1 6097
4 4781 7950 57 2974
0
0
0
0
2 7700 4620
3 278 2535 6421
3 8236 118 7260
0
0
1 5839
0
0
2 861 3496
1 4605
2 3600 5913
1 2695
0
0
0
4 8676 3813 8035 6841
0
0
4 8693 5640 7248 5595
0
0
2 6579 7754
0
0
4 7460 2219 7980 2319
0
0
1 6399
0
0
0
0
2 8768 3016
3 9263 937 4174
0
0
0
4 6127 5152 2116 973
0
3 1462 3996 8809
0
0
0
0
0
0
0
1 178
0
3 8036 8141 9224
1 3552
2 8878 2865
4 6050 3926 3911 5453
0
0
3 8168 481 8279
3 2747 1200 7378
0
2 8372 2456
4 8841 517 439 4228
4 5015 9833 4750 3296
0
0
1 5195
0
1 1415
0
0
0
2 6749 2205
1 5401
4 6748 7453 4472 4881
3 6087 2897 1630
2 8111 6211
0
0
0
0
2 2353 8697
0
1 5542
0
0
3 207 3429 1127
0
1 7657
0
0
0
0
3 7165 6316 9503
0
1 4617
0
0
3 7037 401 4476
1 645
4 3871 8336 417 9818
2 3738 4884
0
2 1934 4979
0
0
0
0
2 8117 3925
3 52 6356 2996
3 4081 8640 4503
0
0
0
0
0
0
0
3 1381 8361 9282
2 4031 4354
3 2776 8634 6714
0
0
0
4 2132 8666 416 7891
0
0
0
0
0
0
1 1044
0
0
0
0
0
0
0
3 7139 7591 5907
0
0
1 5327
0
3 9226 9379 9819
1 6305
0
0
2 3559 4652
0
0
0
3 4976 4965 8132
0
1 8430
4 5242 8781 8777 3453
0
0
0
3 7732 8967 7964
0
0
0
4 8792 7759 7400 421
3 8124 2253 4240
0
0
1 4296
0
0
0
0
0
0
0
0
3 791 4078 6025
4 2402 4575 6891 4843
0
0
0
0
3 9862 7858 3977
0
0
1 6960
4 8480 8135 5696 3340
0
1 6544
0
2 8683 4515
0
0
0
1 1947
0
0
0
0
0
4 2017 2973 3198 3285
2 6194 8882
0
0
0
0
0
0
0
0
3 1328 7049 5929
0
0
0
0
0
0
3 8930 1040 5764
3 8964 5835 6018
0
0
0
1 9460
0
0
3 1298 8529 6857
1 1312
1 5656
0
2 8790 1804
1 1096
0
4 2885 5392 138 498
0
1 2262
0
2 9772 6294
0
0
2 3170 1116
2 5923 3004
1 7127
0
0
0
1 8522
2 2120 4136
0
0
0
0
2 195 4079
0
0
1 7871
0
0
0
0
4 9497 8769 6246 1251
4 7288 4176 9307 1218
2 8669 619
0
0
2 9395 2704
0
0
3 9996 9425 4834
1 8876
1 8436
3 2773 3094 7707
0
0
0
2 5585 8968
0
0
0
0
0
0
1 7578
4 104 1261 5252 1290
2 9164 8012
0
0
0
0
1 5160
3 2584 4616 499
3 3978 3903 3202
0
0
0
0
0
0
2 8426 8312
4 9633 6575 2822 9274
1 1687
0
0
0
1 2053
4 1484 4972 1775 2914
2 9737 3860
0
0
0
0
0
4 981 946 9997 5288
3 9551 406 2276
0
4 8071 4224 8999 8059
0
0
3 9958 372 9532
0
4 5880 7841 9620 4683
4 2538 2039 8028 1445
2 6169 1421
0
0
0
0
1 495
0
4 5261 4260 4389 3464
3 5381 6304 888
0
2 4636 13
2 6937 4954
0
1 9807
0
0
4 9876 9304 6103 8051
0
1 7940
4 3984 3378 1563 1603
0
1 8838
0
1 5088
0
4 4681 7781 1327 3554
0
3 9889 4626 5388
4 8109 1186 3659 8962
0
0
2 3724 122
4 2719 5991 300 5823
0
0
2 1813 8650
2 8235 8744
0
0
0
0
0
3 1015 4172 4093
4 8706 467 1836 452
0
4 5778 5802 2313 60
3 1319 7131 4146
4 4177 7713 2891 6049
0
0
2 3734 5834
2 2106 9293
0
3 9540 7534 7336
0
0
4 6911 5267 3161 5073
0
3 2003 6690 2609
0
3 1296 6925 650
0
1 1815
0
4 2295 9383 8743 2491
0
4 8633 5496 3550 9450
4 663 1883 44 4552
1 9026
0
3 8338 7124 3515
0
0
0
0
0
3 4666 4025 1068
0
4 885 5508 3306 7963
0
0
1 1081
0
0
1 8508
0
0
4 2879 4699 9203 6856
0
3 4819 7305 3918
0
0
0
0
0
4 2743 5718 2670 8854
0
2 782 757
0
0
0
0
2 7038 67
0
4 6058 480 1869 8431
0
2 1383 3983
0
0
0
3 8896 9512 4917
0
2 5450 539
4 1584 8955 1083 5693
0
3 4971 425 8206
4 4943 5279 9655 6327
2 3294 6517
3 8609 6072 7987
0
4 7485 4816 4221 7801
0
0
0
0
0
0
2 3104 5588
0
0
0
0
0
3 2305 4797 7186
0
3 9922 5678 4538
0
2 5209 2157
0
0
0
0
0
1 1493
0
1 1948
0
4 3307 990 7842 9408
0
3 1629 6081 9654
0
1 3471
0
0
1 4593
2 4105 7457
0
0
0
0
0
0
0
1 155
0
0
0
3 2348 928 7325
0
0
0
2 1212 7682
4 8382 576 6833 497
1 7458
3 7456 6934 5130
0
1 4465
2 7811 4466
1 6472
0
4 8227 3656 6165 7318
1 279
0
0
0
1 3691
3 6916 1342 2644
0
2 7991 6828
1 4114
1 9965
0
0
0
0
1 1055
0
0
4 8022 324 2989 2589
2 7804 8850
4 7380 3425 3832 5434
0
0
4 6205 1405 4825 2067
0
1 4668
0
4 205 7854 8677 3609
1 6776
0
1 53
4 9579 5138 2322 6481
0
1 7660
0
0
0
0
4 8866 1719 4765 3478
2 8632 7055
1 2427
1 6829
2 1882 9229
0
0
3 6477 3563 2389
3 881 7062 5256
0
0
0
2 9156 6535
0
0
0
0
0
4 4310 4017 7645 2955
3 7193 9070 6342
2 3963 3532
1 7638
3 9378 6152 2665
3 2630 6997 1600
3 8057 7287 9192
4 4331 915 5553 8014
0
1 4817
1 3901
1 4710
3 4639 3449 7253
0
3 3041 4364 9200
0
4 5467 5263 1871 7278
0
0
3 5878 5843 7932
2 1644 3821
0
2 6706 2505
1 9003
2 7212 9236
4 4970 5143 3191 3760
3 2046 7692 4077
1 1367
0
0
0
1 4409
1 400
1 2380
4 4547 181 604 8905
1 160
4 1118 633 8243 7898
1 8177
0
1 414
0
0
0
4 1558 9547 7032 3034
0
0
0
1 7142
1 2926
1 6601
1 2766
4 2176 3800 2211 9434
0
0
2 9841 5429
2 4738 4500
0
0
0
0
0
3 4038 2899 1375
3 7935 9526 7092
0
0
0
1 2932
4 6010 744 1355 269
3 6167 2066 3640
3 5506 9842 9153
0
1 2222
0
0
0
1 656
3 9541 7651 5736
3 9257 6311 470
2 3430 8451
0
3 6496 375 3210
0
4 296 509 5280 1911
1 5602
4 1532 7039 9308 1085
0
2 1232 3216
0
0
0
0
2 7590 2943
2 1573 389
0
0
0
3 6378 107 3646
0
0
0
0
2 1479 6333
0
3 3772 3907 7331
4 1676 2691 5709 444
0
3 3909 1196 3274
0
3 3044 6159 2128
4 1538 5044 856 3895
4 6157 1030 5978 6217
0
1 504
4 7132 5032 584 3035
2 3993 7374
0
4 3859 6 4381 8199
0
2 5350 8429
0
2 8192 1188
4 2151 8510 139 3
0
3 3054 5730 5491
1 9011
0
0
2 9388 3542
2 1731 1170
1 3338
2 5770 1338
0
0
4 219 2451 415 7706
0
3 5993 4975 975
2 5197 8494
0
3 813 8270 5224
4 8895 2122 9108 4613
0
3 6503 8764 5067
0
1 7792
0
0
0
0
2 505 9904
0
0
4 3065 5712 6784 2948
0
0
0
3 1887 4642 7236
0
3 598 9449 7577
2 3850 8055
4 9972 9233 3626 5745
0
0
3 2574 6632 1556
2 110 9312
2 8958 2344
0
0
0
4 4379 6588 2618 5140
0
0
0
0
0
3 5448 9975 8649
1 8914
1 4501
0
0
0
0
0
0
2 408 4297
0
1 8237
0
3 4417 8331 1985
0
0
3 1491 299 5768
0
0
0
1 1995
0
0
4 667 1669 2042 5325
1 3114
3 9432 7952 1609
4 7570 7392 6663 7659
0
0
4 3140 2207 4227 9571
0
3 8796 2054 6743
0
3 4957 5311 7822
2 2366 8184
0
0
0
0
0
0
1 7695
0
4 4564 9594 6938 7690
0
0
0
1 7406
0
0
0
0
4 7076 5020 7205 309
4 8249 3201 5780 8713
4 3601 792 3398 5944
4 7214 6801 2476 834
0
2 8874 4173
0
0
0
2 7833 4289
3 1161 3949 7510
0
4 2614 9699 6662 8220
2 4008 7421
4 4115 8996 1825 2272
2 5102 3087
0
4 8126 6243 2649 7316
0
0
2 3582 3764
0
0
3 6609 2576 7639
0
0
2 1373 9324
0
0
2 9607 8374
0
1 1809
3 3539 8049 2621
3 2854 6064 3621
3 4142 9627 1833
2 6803 359
1 781
0
0
0
0
0
1 4250
1 9859
4 7775 8129 3987 7286
0
0
0
0
3 2332 918 4204
0
0
0
1 839
0
3 512 3230 1596
3 4800 3132 3644
0
0
1 5460
0
1 4155
4 2015 2759 6838 8504
0
0
0
0
0
0
4 2283 7571 2945 5366
4 2628 2799 9183 833
2 475 7334
4 6186 2028 366 8756
0
0
4 9129 2140 7403 4118
0
3 9059 394 9960
0
2 5977 1236
1 3080
0
0
0
0
0
3 7180 2112 1789
0
0
0
2 9287 332
3 413 6684 9080
0
0
4 9348 8605 7270 8740
4 395 3603 4036 8545
1 3314
0
0
0
0
2 3386 396
4 7756 615 8218 4423
0
1 9580
4 4018 1283 1593 1390
0
0
0
0
0
3 9573 7100 2076
2 8119 6017
0
3 1662 1730 4676
0
0
3 4643 4870 4527
1 6040
0
2 2273 7726
3 1599 4068 4013
1 7675
1 9650
0
0
3 37 8077 7056
4 9142 3177 5485 4511
0
1 884
0
4 8623 7052 7789 9031
4 8989 3540 3063 4016
0
0
0
0
0
0
0
0
0
1 9660
3 4046 8720 1612
0
2 1020 4021
0
1 1481
4 9374 7153 5241 261
3 971 5107 6508
0
2 5980 3302
0
1 1453
1 9812
0
0
0
4 6463 3014 5169 8391
2 3739 9516
0
0
2 7179 7976
0
0
0
0
0
0
4 4402 2604 9297 123
3 1228 8696 3831
0
0
4 3399 3106 692 2510
0
0
0
2 5309 8180
0
4 3382 8383 14 7812
0
2 6873 9053
0
0
0
0
0
2 5864 827
0
2 4533 5149
0
2 1221 6451
1 2424
0
2 451 9639
0
1 7308
2 2797 5364
0
0
0
3 1307 436 9991
2 9951 2371
0
0
1 6576
0
2 4182 9055
1 5771
0
4 9871 8304 3439 1531
4 8447 6858 742 2836
0
0
0
0
0
4 5798 3700 1906 8988
0
0
0
2 762 6355
4 7018 3687 4913 9931
0
0
2 8539 6718
0
2 6248 327
4 2165 1109 643 5233
0
0
0
4 9325 7154 1488 4267
0
2 2433 5922
2 3864 1626
3 8981 6594 6622
0
0
4 7439 6613 5230 7482
0
0
1 3708
2 5207 538
0
4 1206 4999 2234 2794
0
0
0
0
0
0
4 4346 699 1284 7798
1 8582
0
4 6357 9559 4037 2261
0
0
0
0
2 8945 7735
0
2 6681 1490
0
0
4 5001 3332 6177 2394
0
0
1 9824
0
3 6317 6005 2868
0
0
2 6320 8334
0
0
2 3186 5557
0
2 1784 2678
0
0
1 7903
0
4 3480 8193 3917 5057
0
0
1 4285
2 8800 1026
3 7241 4269 3857
0
0
0
0
0
0
4 8246 3810 8439 3748
0
0
1 6846
0
0
0
4 2411 2967 2189 6492
1 1093
0
0
2 3783 4583
1 9323
0
0
0
0
0
0
2 5385 1469
0
1 5454
0
0
2 9726 9814
0
3 575 5713 9184
2 1278 9322
0
1 2210
3 6551 4484 9667
0
2 4125 4756
0
1 6596
0
1 2329
4 837 1814 85 3916
0
0
0
0
4 328 7150 4627 9640
0
3 8732 8661 6683
2 8310 7350
0
2 4435 9536
0
0
0
2 5812 8495
3 7949 6332 7298
0
0
0
0
4 6569 210 4910 2620
1 4522
1 524
4 9753 6818 5265 6500
0
0
2 6546 9178
0
3 4868 8171 3527
0
0
0
3 5260 7356 6282
2 1111 7779
3 1315 2087 3699
1 8521
0
0
1 9597
0
0
2 9919 6336
4 8019 7145 1501 4543
2 9218 6417
0
0
0
0
0
1 2050
0
3 3018 6589 3817
0
0
1 3465
4 1008 4660 9575 1152
0
1 8550
4 6787 3992 7311 4646
0
3 7183 2373 5012
4 1987 4682 4618 6289
0
3 8319 4925 5873
0
2 9591 2921
1 6007
0
0
0
4 875 2598 8804 9857
1 9783
1 1452
2 3153 8005
3 3634 6279 8894
0
0
0
3 1038 3617 1741
2 7246 7725
0
0
3 9237 1335 7487
0
0
4 6125 2791 1323 2784
2 146 3793
0
0
0
3 5024 5492 4600
3 5688 7218 2929
1 7079
0
2 4577 5422
0
1 4984
0
0
4 8580 8197 6715 9328
0
0
3 7649 1899 2548
3 9073 1507 4160
1 9744
0
3 9776 5687 5732
1 9953
3 2963 1450 4532
0
0
0
0
1 6418
3 1829 800 6493
2 4788 4247
4 9501 8861 8405 7072
4 6160 4330 3412 3522
0
3 9083 7224 6182
0
0
4 747 9058 6027 2681
0
0
0
0
1 3444
0
4 9150 6538 639 4055
4 9543 8556 8063 1205
0
0
0
0
4 693 3015 2100 6985
0
0
2 799 9546
0
0
1 6172
0
0
3 6228 2845 6213
0
3 4284 7704 4520
2 9835 3138
4 3118 3339 2930 3826
0
1 1876
3 1933 9265 3131
0
4 1635 7918 1616 429
2 854 4119
0
1 5956
3 5697 4926 3304
1 5816
1 438
0
1 68
0
0
2 511 7542
2 4516 1171
0
1 3165
0
3 6928 5226 4747
0
0
0
1 8588
2 2453 3929
0
3 7911 1272 7743
2 541 7239
3 7271 1959 2606
4 6148 736 2749 1980
0
0
3 5906 9330 3928
0
0
1 980
3 4704 7962 3816
0
4 2643 7423 6862 4731
1 2147
0
1 2838
0
1 1089
0
0
0
4 7536 7696 5665 3667
1 478
3 2709 9050 2197
0
0
0
0
1 2619
1 9269
1 5661
0
0
0
0
4 4363 8654 189 1091
4 3373 3986 8678 2193
0
0
1 3669
0
0
0
0
0
2 1862 2317
0
2 6003 8466
0
4 4569 2536 8107 267
0
3 4454 9937 9826
0
0
0
3 3649 7011 1632
3 6262 3127 7046
2 3774 4906
3 9883 600 8795
2 1767 7931
2 384 3236
0
4 6337 9962 9689 6739
3 961 8759 9891
3 100 5191 871
2 3632 6209
3 9926 6657 5320
3 4776 5203 9231
3 9157 3402 9612
0
0
0
4 9734 7824 7026 463
2 3950 9961
0
0
1 9520
0
0
2 1001 3096
3 8067 2983 8791
0
0
0
0
1 6322
0
0
1 4332
0
0
0
3 4357 3836 9802
0
0
0
1 1843
0
0
3 371 1117 9803
3 5484 8746 9981
0
1 910
4 5779 9310 4408 6707
3 1672 7450 9614
2 4509 5353
4 7479 8734 251 1504
3 9292 2019 6625
3 953 7533 2592
3 5854 2316 4147
0
0
0
0
0
1 8242
0
0
0
0
0
1 7825
0
3 1807 3682 5755
4 7227 8216 3326 1424
0
0
2 9409 6550
0
4 8607 8363 8574 5205
0
0
0
1 8567
2 7361 603
0
3 228 2131 8078
2 3942 5645
0
0
2 9396 3225
0
0
0
3 5881 6947 7908
1 823
0
0
0
0
2 6396 6966
0
1 9413
2 221 9315
0
1 8031
0
3 5257 3206 513
0
4 6362 3403 5866 48
0
0
2 7408 1080
0
0
0
4 6495 6301 6608 3650
0
0
0
1 7817
0
1 6807
0
2 4669 6606
0
2 9391 9552
0
0
0
0
0
0
0
0
1 5776
0
2 2725 2422
0
0
1 1720
2 4773 936
0
0
0
0
1 3353
2 422 1759
1 8404
0
1 245
3 398 244 1533
1 3851
2 1351 9061
0
2 7815 1691
0
1 3129
2 2682 8933
1 7346
0
0
0
0
0
4 9763 7152 9380 5247
0
0
0
2 8381 7608
1 6364
0
2 6225 5082
2 8196 3629
2 4200 69
0
0
4 8068 4698 9925 7633
0
4 6190 1297 9496 5080
0
1 6403
0
0
0
0
0
4 5487 9554 3520 5989
3 9112 6509 7501
0
0
0
3 8039 4606 8478
1 4360
0
4 2686 5573 9756 9578
0
4 8972 8624 5464 3486
0
3 2021 2729 5829
0
0
0
2 6910 8008
0
0
3 6757 9929 7206
3 2064 3670 2149
2 4565 4342
1 9030
0
0
2 9354 1084
0
0
3 3240 8818 8326
0
4 9364 572 9675 652
4 130 8991 2489 5404
0
4 7561 3887 9111 6871
3 8420 3110 7807
2 9779 5879
3 7007 2008 4644
0
0
3 1423 995 31
4 7586 1245 3009 1181
0
1 2035
0
0
0
0
0
2 7588 6385
0
4 8258 5023 815 963
1 275
3 5348 9729 5301
1 5361
0
0
0
2 8953 8570
3 1936 2806 1347
3 1374 8542 4898
1 265
3 5273 3586 8202
4 442 1440 75 6850
4 798 2385 6390 1053
0
0
1 7968
0
1 6505
2 7860 8069
0
0
3 4941 5262 253
0
0
0
1 249
3 4458 1698 9411
0
0
0
4 7053 5146 4072 2049
4 4385 6852 3442 3874
1 1570
0
0
0
1 2485
0
0
3 9424 506 7159
3 7998 6674 8487
0
3 8029 2901 376
4 5295 3408 4633 8167
1 1524
0
1 7558
0
0
2 6250 6071
0
0
4 4867 8992 2034 1832
0
3 5973 2554 7951
0
3 1667 6197 8726
0
0
2 2516 5365
3 4209 5141 7569
3 1764 544 8248
4 7013 9817 8512 1433
0
1 8811
2 4266 5159
1 4117
0
2 9556 2134
0
3 9393 9001 2092
0
1 4923
2 2993 1422
3 5942 8561 3506
0
1 4334
4 8186 6751 8219 6525
4 5797 9720 2888 7445
0
3 6490 3123 6557
4 5407 3345 2916 2566
0
0
2 1873 8611
1 1888
0
0
0
0
0
1 3952
0
0
2 1705 2439
4 7521 788 5552 4157
0
0
4 8553 4950 3956 8705
0
3 18 5551 91
1 8115
0
0
4 7104 9785 681 4168
2 5940 5954
3 9499 996 6898
0
0
0
2 4107 3243
4 7496 2255 6201 7774
0
0
0
0
0
0
4 2557 6872 8891 3701
1 1104
3 2813 9592 7112
2 3050 9686
0
0
1 3502
4 554 1087 3241 6384
0
1 6991
3 6200 5744 785
0
0
4 411 9288 4685 4885
4 3553 608 6141 7856
0
0
0
0
0
0
1 5746
0
1 776
4 2010 9741 5997 5657
0
3 9034 4517 7853
0
1 9390
0
3 4478 8970 1461
4 7330 3569 9098 7265
0
0
0
1 1607
0
0
1 3160
0
0
0
0
0
0
4 6343 2005 3242 9562
0
2 5190 8689
0
0
0
0
0
3 7068 8320 9984
0
0
0
0
0
0
4 3219 9751 3273 536
4 2343 4198 5884 5912
1 6043
1 4082
4 2338 2444 8823 171
3 669 54 2816
