1000 2
1 659
0
0
0
0
2 273 596
0
0
1 104
2 723 553
0
1 527
0
0
0
0
4 873 763 196 136
0
4 123 672 939 482
0
4 165 739 495 808
0
0
0
0
0
3 976 163 773
0
0
0
4 260 370 664 46
0
0
0
4 82 203 717 971
1 982
0
3 31 439 172
0
0
4 475 132 2 660
0
0
0
0
0
0
0
0
0
0
0
0
0
0
0
0
0
0
0
0
0
0
1 465
0
0
2 173 485
2 492 669
4 72 219 521 833
0
0
1 589
1 174
0
1 30
0
1 50
0
0
3 491 216 299
0
2 975 892
4 167 12 650 329
0
4 879 78 869 764
2 161 864
0
2 516 511
0
0
0
0
3 397 84 696
2 192 386
0
2 934 526
0
0
0
4 756 134 579 647
0
0
1 266
4 467 959 862 330
0
0
2 120 566
3 347 689 634
1 398
0
2 576 575
3 995 356 851
0
3 221 323 609
0
0
0
3 963 377 86
0
3 661 807 44
3 91 74 915
2 626 158
0
0
0
0
3 209 611 538
0
0
0
0
0
0
2 663 613
3 624 125 244
0
0
1 698
4 614 1000 697 171
0
2 326 80
0
0
0
4 227 568 540 466
3 435 628 415
0
0
0
2 620 891
4 695 462 953 463
1 884
4 297 738 253 387
0
1 456
0
0
0
3 948 110 599
3 127 683 716
4 286 291 141 677
0
0
3 533 200 610
0
0
3 682 228 452
0
0
4 919 131 759 92
0
2 592 446
0
0
0
4 830 361 237 177
0
0
0
0
0
0
3 8 823 400
0
1 55
0
0
0
0
2 87 349
0
1 926
1 863
0
0
0
0
1 312
0
1 826
0
4 740 678 399 690
4 947 779 786 839
0
3 112 96 422
2 493 129
1 215
2 320 561
4 268 185 961 176
0
0
0
0
0
0
0
0
0
1 787
0
0
0
2 871 676
1 917
3 494 751 705
1 265
1 876
1 653
1 658
0
4 293 54 914 845
3 942 824 534
0
3 712 581 255
0
0
0
0
0
0
0
0
3 877 557 815
0
4 392 354 79 946
0
0
2 336 850
0
3 339 160 290
0
0
0
4 306 73 938 562
0
0
0
4 755 433 285 238
1 408
0
3 867 806 512
1 502
3 565 257 868
0
0
0
0
2 967 473
0
0
0
0
0
0
0
0
3 601 882 416
2 480 646
1 190
0
0
2 680 831
0
1 970
0
4 314 989 791 523
0
2 747 341
3 778 999 32
3 912 506 674
4 508 10 776 429
0
0
0
3 434 643 936
0
0
4 633 969 188 342
0
0
0
4 65 242 11 321
0
0
2 997 715
4 97 195 725 567
3 101 404 357
2 606 346
0
2 241 994
0
0
0
4 300 490 962 40
0
4 856 81 230 591
0
0
0
1 742
0
0
0
0
0
4 765 95 629 184
0
0
3 193 955 983
0
0
2 420 571
0
4 666 595 479 564
2 980 24
0
2 640 298
0
1 100
4 412 385 898 191
0
0
3 214 604 318
2 588 340
1 388
3 474 937 283
0
1 758
0
3 307 870 906
0
0
4 313 761 866 14
0
0
3 9 442 410
0
0
3 19 730 920
0
0
0
4 803 272 378 405
0
0
0
0
2 881 332
0
0
2 733 745
2 904 367
0
0
0
2 865 41
2 164 94
0
2 143 149
0
4 583 206 258 530
0
4 486 602 635 464
4 201 499 940 49
0
2 231 665
0
0
2 459 792
0
4 365 315 76 182
0
0
0
1 251
1 973
0
0
0
0
4 929 711 622 631
0
1 804
0
0
3 436 535 703
0
0
0
4 902 750 225 155
1 15
0
1 93
3 207 245 481
0
0
4 762 331 249 409
0
2 547 254
0
4 972 894 916 124
1 425
0
0
3 457 344 587
4 943 121 343 500
0
2 226 248
1 20
0
0
4 928 21 243 984
0
0
0
0
3 686 699 393
4 157 454 448 555
1 269
0
1 419
1 411
4 287 713 854 133
0
0
0
3 811 311 333
0
1 548
1 366
3 345 909 598
4 897 580 964 421
0
0
0
0
3 593 403 302
3 379 518 478
0
0
0
0
0
4 814 310 991 543
0
1 649
0
0
0
0
0
0
0
0
0
0
3 53 137 577
1 222
0
0
2 834 119
0
4 102 236 23 525
0
0
2 572 437
0
3 461 849 586
0
0
0
3 13 276 817
0
0
0
0
0
0
0
3 931 113 402
0
0
0
0
2 766 802
4 413 308 514 77
0
4 913 327 728 147
0
1 621
0
0
2 957 61
2 187 662
0
0
0
4 175 911 418 522
3 692 837 781
0
1 484
0
2 358 59
0
0
3 793 594 899
3 224 316 391
0
0
1 211
0
3 259 450 550
2 616 734
2 551 668
0
0
0
3 27 769 6
0
4 150 993 896 208
0
3 199 836 840
2 760 130
0
1 348
0
1 812
0
0
1 907
4 709 798 519 277
0
0
2 126 194
0
0
0
2 992 359
0
1 279
1 198
1 16
0
0
0
3 58 117 47
0
4 753 560 558 771
2 71 515
2 294 702
0
1 935
0
2 328 267
0
0
0
1 847
3 406 714 729
1 563
0
0
1 324
3 75 135 986
0
0
3 395 930 85
1 162
0
0
0
0
3 373 885 741
2 825 820
0
0
0
4 220 590 56 423
0
0
0
4 569 789 371 644
0
0
3 925 34 623
3 782 998 26
0
3 83 545 232
0
2 334 979
2 88 841
0
2 727 597
0
0
4 99 189 818 319
0
0
0
1 151
3 585 556 394
0
0
0
4 498 62 322 932
0
0
0
0
0
0
2 853 822
0
0
3 910 153 505
0
1 858
0
3 156 819 504
4 878 687 657 487
0
2 476 469
0
4 142 179 648 767
0
0
1 295
0
1 38
3 35 981 510
0
4 574 389 417 146
4 45 351 503 274
2 401 685
0
0
0
0
4 987 145 608 788
0
0
0
4 627 325 903 271
0
2 852 42
0
0
4 17 67 513 288
1 460
2 718 289
4 977 618 848 25
0
1 301
2 688 262
0
0
3 353 855 861
0
4 537 539 520 737
1 901
1 843
4 488 384 103 36
2 458 905
0
1 70
0
0
4 128 684 874 471
0
0
3 775 453 18
0
0
0
0
0
0
4 252 239 655 886
0
3 990 965 706
3 642 893 974
0
0
0
0
0
0
1 39
1 338
0
0
0
0
2 636 427
3 309 645 256
1 774
1 430
3 749 732 489
0
2 507 544
0
3 447 639 570
0
4 889 860 449 234
0
0
0
0
1 777
3 770 362 304
0
0
0
3 169 880 374
0
0
0
0
0
0
0
2 582 693
0
3 529 615 105
0
0
0
2 296 210
0
1 5
0
3 229 790 170
4 68 428 816 922
0
0
3 625 968 960
1 305
2 554 708
0
0
0
0
0
0
0
0
0
3 694 958 541
4 246 106 364 380
0
4 432 752 282 414
0
0
1 363
0
2 22 292
0
0
0
0
0
0
4 396 921 64 372
2 671 261
0
0
0
1 441
4 445 116 352 829
2 603 813
4 780 828 827 667
0
4 578 542 111 887
0
0
0
0
3 641 719 217
0
3 797 204 180
4 218 470 369 524
0
0
0
3 619 51 444
0
0
0
0
0
0
1 531
0
2 707 48
0
1 278
0
0
0
2 431 280
0
0
0
1 107
2 455 90
4 956 832 704 950
0
0
0
0
4 501 63 168 28
0
2 7 212
0
0
0
0
0
0
0
3 270 57 264
2 632 477
3 785 317 247
3 443 159 918
0
0
0
0
0
0
1 681
0
0
0
1 821
0
3 536 630 651
4 115 233 148 872
0
4 375 29 497 154
2 355 275
0
2 810 617
4 701 69 670 890
1 140
0
0
0
0
3 549 573 89
0
0
0
0
0
1 426
0
0
0
0
1 951
0
0
0
0
0
2 735 552
4 784 451 284 337
3 985 52 859
2 605 933
4 744 335 800 438
0
1 60
0
3 691 109 122
3 941 584 844
1 440
0
1 924
0
0
2 360 472
0
0
2 952 857
1 638
0
0
2 240 746
1 988
0
4 138 842 637 368
0
0
0
0
0
4 923 710 303 883
0
3 656 743 496
1 835
4 720 108 700 223
0
2 98 424
0
4 721 794 390 166
0
4 33 144 213 846
0
3 66 468 186
0
0
1 3
2 376 381
0
0
0
1 528
0
0
1 805
3 783 532 944
4 900 978 43 799
3 748 202 768
0
0
0
0
0
0
0
3 908 197 509
0
4 724 966 722 652
3 183 114 801
0
0
0
0
3 675 235 875
1 949
0
4 888 954 383 757
2 731 517
0
1 996
0
3 37 178 726
0
4 838 795 559 546
1 607
0
0
2 754 407
0
0
0
0
1 4
0
2 679 263
0
1 139
3 772 945 927
0
1 181
3 118 205 250
0
1 796
0
2 281 382
3 673 483 152
2 350 895
0
1 654
1 612
3 736 600 809
0
0
0
